100 100
30100 28487 2762 25113 21396 31264 12789 29367 30626 21372 32657 32275 30008 1787 16013 6647 26439 28383 7923 14801 10454 6685 21427 25955 236 22707 15778 18363 17841 25149 18370 10854 15056 19139 22724 12513 12063 14806 32203 26704 7554 6107 12915 32626 21773 9638 27154 15061 27752 12875 15934 31046 1144 25392 26255 23692 7739 16999 23973 27222 2036 1851 22381 14705 9609 19721 27809 32574 6185 11346 8078 4452 2353 27149 7706 12226 7249 12610 25861 10920 19691 2772 10351 14662 15035 1951 9627 5220 10685 20674 16882 10580 14667 4670 6987 31013 5766 29633 28009 30746 
11768 5052 28869 346 8312 14523 5774 13033 32589 11510 17903 17879 5014 30755 32400 14008 13545 27535 1119 21076 29498 13421 30864 31391 6142 26734 994 14315 17041 16530 30245 27228 9173 30269 32505 12188 7453 30349 25560 20689 17993 24555 22359 19660 7986 32224 21928 21123 28744 14122 10852 16322 7801 8720 903 30749 30293 13042 13757 10281 12912 14628 5596 18668 16648 7677 2993 30609 3304 6698 16895 30048 19852 21832 6085 25582 8838 9139 14016 4497 32289 22168 29489 27159 9027 21074 22752 24504 15000 24307 2401 24648 17132 26400 20374 10930 24793 6435 3189 6305 
20899 7739 24843 12416 1376 23606 14785 5029 9308 30018 7903 7369 955 31233 28238 17084 19808 475 25250 4950 24334 7576 2904 23217 9421 22574 6747 19093 29328 14807 10957 13876 8468 359 25861 13848 29195 2013 9172 18521 32634 568 32525 16659 14944 5516 24388 7959 15512 29012 32469 6369 29184 25610 31785 30155 23771 7669 24884 1920 31092 5699 17474 22450 1285 18007 26100 24080 11222 12132 28805 21106 25257 24123 15442 28503 28502 24929 15770 14482 25779 25957 32642 6720 5558 27504 20572 29693 17374 19998 808 25688 3278 2188 27227 26756 23356 29619 28640 9296 
24329 28148 28253 26200 20657 8435 12215 15485 998 22953 13528 11412 3448 9909 10928 25947 120 12531 12409 31665 1693 592 21312 2054 22502 11997 25249 14352 21889 5154 722 10431 19436 8884 8163 7284 8282 26122 9795 24942 27992 16012 9351 31876 21168 493 14951 27674 31886 30139 30985 5966 9697 22580 6275 15730 6660 27484 9883 31167 31134 13900 4816 12103 18119 28877 15263 28972 31852 19749 24831 15120 13556 5169 8238 3532 9251 18356 23727 17509 26687 16111 14996 13628 30322 29042 3577 29572 9840 25649 25553 17657 8537 27866 2021 8143 14305 16230 11289 17641 
25518 31215 5361 19020 30722 8897 28501 10707 17817 19635 13201 10276 13781 21944 14752 10210 8472 29617 25258 15653 25713 901 31691 5415 31356 20084 15894 1600 7043 14760 4058 23572 10473 5133 27427 13323 26569 30307 3460 32257 20186 27026 21780 30015 27542 18237 28343 9642 8859 2201 14751 20795 20305 30592 1042 18863 1741 30145 1389 4736 501 20155 14697 24339 29413 18218 157 16691 18834 24384 10820 7102 11181 31480 19265 11678 9163 25767 1632 18683 19394 24019 10719 2735 30294 12873 17965 9723 7189 362 8689 6264 3967 12742 12110 23120 15466 17132 26213 24237 
30373 29055 10524 30834 7132 24973 5150 30506 3259 17181 24868 4157 16726 9479 15986 26730 31945 27145 16292 20849 25627 5142 19370 4112 31849 23025 11282 15921 21568 15099 8581 7522 23626 1354 8597 28037 13101 506 8630 7113 26800 15304 5001 24025 31776 5084 30305 3411 6642 6375 8704 22395 23721 21614 11937 5425 5370 614 7740 24352 23854 26368 11013 12857 31689 14022 24373 14432 22889 17639 23054 2404 3568 27599 26137 30773 18661 25595 17587 16465 6424 32012 21191 10112 22405 27930 27357 26561 14715 10826 10324 30084 19966 675 28651 30233 27241 26141 24967 31337 
19032 5883 5936 20964 26308 13403 21852 2490 18544 21260 4208 27726 22916 6303 27524 5352 31352 3265 5222 27561 24116 5320 8418 7621 29046 19851 20801 26092 20851 14199 23568 14601 5569 26847 10019 11055 29044 14996 4569 8400 28552 8886 13472 8241 20095 12745 14780 22298 16202 26123 13125 10450 2925 18693 4719 22603 26207 2913 9231 8857 28207 4859 13914 23976 8045 12091 19439 28463 16456 26529 24 12256 1780 6305 76 3810 32591 21170 16121 2432 29635 12194 17281 19235 23918 4652 15234 2429 8064 972 12635 28936 4581 9426 3052 13743 7973 25270 15261 7114 
31112 26795 14497 3408 11133 32374 13948 3912 1852 18817 12482 11137 14763 9259 13602 8835 1150 32611 3748 31173 25507 629 13871 14881 8669 23843 11342 29316 8367 32760 8243 21226 22395 11993 2045 29578 19947 8669 3638 7245 5520 10335 30880 8325 1737 593 27697 8924 17639 25554 12892 21898 19854 22275 25490 2764 5982 28695 6921 10641 979 1962 6076 23158 10346 28500 28339 244 13062 21629 12932 21720 28049 17779 13338 12276 9446 3257 16565 25621 30447 22179 306 11573 19466 21791 24205 5105 32690 21974 4004 21565 31835 32372 13373 7254 20125 9027 8523 14328 
29589 27647 17005 31698 26249 15078 13496 1335 12746 2574 32438 8726 1759 13051 2478 29996 8671 21617 16422 10872 31775 19079 30119 20463 4621 27901 31680 9842 16476 1999 2125 32509 31842 16906 20730 30753 27582 26335 2 12212 7997 17654 26173 15559 29951 6149 3673 1496 26069 12448 5479 18249 16878 20051 27802 24081 8371 24558 26700 10930 2031 7712 16450 8299 3635 13383 25905 21678 31865 27527 20353 8916 13063 3097 11088 14352 21910 26854 1466 7073 692 18773 24408 1868 6759 9569 18438 9226 22547 26606 26602 32510 17309 11101 6578 19113 15825 9310 31260 16481 
11265 12037 4284 13823 1775 12833 30202 15321 20718 19657 6746 22256 14147 567 4864 11114 25297 22490 3955 11074 15350 6566 23713 7486 9648 14511 6435 4129 29700 30710 32451 3618 8608 23426 25915 9374 2239 3507 25152 5130 9037 11988 10943 15403 5707 17135 6503 6281 3190 12773 32359 24865 9251 3517 7289 9050 29806 4925 30495 26426 28051 6327 22060 13530 6300 24358 8839 3607 31293 31098 44 12427 7420 15919 18803 13244 1684 30500 20373 22418 7324 17323 1132 5903 15460 24796 29050 21306 2592 19504 8237 10844 15176 29771 22369 20335 24638 27672 21031 30164 
28978 21531 21445 9540 8771 28163 15614 2569 17126 3711 1683 5486 11404 24915 17673 628 1151 13227 6573 4806 21773 14511 13526 6127 16873 31831 19818 7371 23502 30849 12707 17211 22373 65 21779 10781 11113 30072 32742 28540 23049 31912 872 8963 27022 8966 6087 15544 20541 10961 18201 27623 22399 29155 2464 21083 14911 9862 30541 32724 660 16008 12932 16822 27296 25746 28703 6911 17592 20405 16565 30843 11972 14662 32540 30011 5353 25836 2092 17219 18278 28407 8134 3203 10172 21747 10005 24585 12562 27773 2068 32628 24535 15446 31313 8364 15529 27574 1264 30672 
3702 15331 25074 7536 30689 16385 9912 9469 999 18220 21954 30589 26050 11460 15805 18051 28685 776 18877 11103 1834 19431 9927 18066 4833 13330 25234 29573 13129 1110 26510 25722 15596 15657 31270 15042 16422 4227 6978 28464 8142 11759 29713 7887 31512 5345 12037 4048 28346 24906 25119 710 29006 18026 28268 9238 20216 11237 30928 12712 2120 8474 24578 10467 6242 6832 21464 4313 26204 11889 29125 13502 26087 16732 2720 25247 11058 23541 30118 592 30219 6368 5315 6311 30792 25006 28173 2791 23397 28151 32401 13951 18798 14505 10835 12533 32031 24479 28048 17437 
7499 8566 13126 31374 26490 28060 29943 20566 28118 15017 1961 23533 27720 5875 14897 872 30942 10076 10417 4591 4976 2159 26976 16753 22659 17836 30345 3222 23405 23327 31191 23798 27578 30008 23759 27016 18895 25302 17054 22877 3789 28069 20245 32398 19384 3242 24306 15731 9177 9500 5473 29717 26208 19830 25282 30182 27470 18122 26797 28592 14226 8280 24371 18380 11378 14687 24423 20116 17965 5427 14110 21274 11743 13712 10738 28699 8868 28462 17293 9518 32256 27797 7972 4161 22399 21299 18497 23366 2968 16044 6342 12842 10711 1649 14383 21767 3644 404 8215 6810 
10718 15579 18941 30455 16083 22291 27209 23163 4948 30630 23690 32003 24605 4976 9474 26971 32275 29647 11108 23802 5929 13305 4828 20460 24196 10387 21328 14607 5086 25983 30694 25218 22056 22005 9926 25179 2419 6869 22049 2968 21520 9019 21106 27481 30454 13140 31235 9804 1381 19825 20915 19048 16329 12634 22264 26846 5601 26085 13088 3148 5152 199 13276 24372 16468 8361 11518 5806 10629 19839 10114 30041 12064 13077 459 31383 17237 27114 25904 4602 11453 16962 13495 22265 2880 17783 22816 16616 9270 24976 3622 19239 14796 29460 5377 28057 29097 8481 28719 31063 
3794 16312 3188 11686 715 11355 31520 6439 6656 22746 8592 6990 18275 30826 503 6677 21333 759 351 16370 29130 699 20202 22022 936 24592 20574 3735 1905 8066 14304 21440 32034 17961 9984 28263 16731 22582 758 6512 9151 9675 24107 21808 15518 23056 6908 3877 17874 131 11194 29156 31462 29839 5109 29010 17534 28513 3834 26391 13042 10231 32666 21328 3133 14713 3373 5508 28950 17357 4567 12762 23900 31334 15882 30345 1975 5468 5452 5519 25725 22722 10299 1702 20434 9780 12238 17780 8980 19631 28125 16386 14710 2725 30436 2415 10218 30289 18692 9446 
11333 16457 21578 31949 6045 1106 22580 23103 14326 7287 14961 28861 1310 10845 15081 21024 5334 19153 10493 24274 6706 10147 32272 1598 29763 23479 326 27525 4083 23897 22667 17011 8495 25297 10968 30897 30540 30007 14257 32572 28835 9609 2035 18453 20863 6139 7116 19515 570 22926 14859 11734 30882 13284 17562 19125 20641 29523 13896 21242 22558 21304 11724 14356 4638 1166 10759 2030 29999 703 23434 2150 26886 10937 12120 9985 18279 18501 30445 4317 25669 3476 20863 1767 24875 10523 14979 16973 20442 28066 24947 32055 26676 16535 11983 29618 21848 17063 6754 28908 
24079 26256 14022 15527 27751 27184 5674 31976 14493 26082 27731 24559 6976 26123 4577 8812 19092 17136 19668 17904 1845 10955 590 2978 31740 4637 13722 1843 21798 32325 30830 24084 21171 24146 12397 1766 23053 26134 22000 7474 19178 8059 4102 7514 7027 9755 20922 7375 32678 16650 23700 21125 8185 20214 19554 932 9024 14451 4151 10369 4048 23696 29877 24012 18405 11182 9096 30219 9537 25746 15411 16198 30742 10168 27151 20740 27942 21738 7056 30327 7977 26386 16075 2292 22383 16973 10037 20134 16838 10304 174 12674 6046 18095 29630 25213 1643 5195 24350 15613 
21835 28620 19066 32398 3561 13632 30325 9943 11425 15779 11758 5068 7141 31919 15489 11813 32479 12533 11857 14862 3927 23085 15621 8224 4824 27083 3601 17040 11022 25043 9783 12966 1395 21997 13901 23153 11819 700 9536 28346 2603 28524 31577 15670 15521 19850 4799 11007 31632 2841 12606 30533 6075 19170 28486 5697 15301 14091 4151 14443 9878 25067 12251 20973 25857 10525 26932 13911 20131 20179 23161 7316 18958 15725 10843 7965 7207 10571 29324 3180 18124 1247 13186 7092 15034 31494 13689 22991 24750 25496 31415 25208 15819 26173 10003 14778 14140 16259 184 22952 
14618 23598 28199 18511 17552 16080 5499 18921 10557 25497 241 852 28121 5743 27815 8386 11292 28481 8612 21681 25563 26777 537 17182 2421 17521 10982 11509 21357 13128 20064 28621 2904 29045 11346 11730 26106 20154 19266 12802 9900 21532 22261 25757 4608 31730 18485 25558 29608 12349 14801 5327 15252 823 3814 16580 30299 22063 20061 4743 9436 25235 22453 2092 14117 22863 21762 11525 11924 3157 3638 12241 11067 22141 416 10544 26761 13712 26034 9818 27943 19103 30727 19473 29217 13466 15781 9684 17734 31006 6271 30038 10961 28557 22078 5678 585 25188 7232 18896 
12965 23241 21729 32700 8628 19044 506 28149 15036 1904 6312 3509 18530 20242 19023 20575 9673 16873 24286 8373 2814 3814 1108 1099 30868 16478 14211 28987 1675 24413 10771 11291 6775 24894 18891 16940 18653 4984 19724 29652 26081 31163 26782 9039 2334 21052 4784 7073 2262 13389 30489 17359 12363 32048 228 4686 13676 32557 7436 21692 12724 9954 6788 8142 8784 2779 19322 31626 13184 6498 19421 8118 23359 22680 4381 21648 1830 27845 10034 19391 24974 22765 16095 1418 29173 11684 28984 5704 7331 6690 23650 24599 17804 5018 32154 5329 6777 1736 27768 5180 
18531 18378 23413 31361 8223 13360 428 29408 28225 15190 20957 8865 2618 16626 8887 16462 24771 3561 11351 11039 32127 17255 32524 5814 22491 1070 22365 7948 26426 18478 29517 22700 16975 3670 19677 12575 19913 24747 24019 13223 15926 24215 20666 1584 28961 16771 17194 12931 24958 4008 32073 4029 15177 28961 17042 24575 21097 23365 8149 30312 218 1589 23167 31040 12299 24753 25884 5238 4485 30256 32026 12365 19150 31535 21968 82 6285 29641 29887 32401 11502 10376 8983 9992 19784 23931 6269 1884 29438 32648 17163 30411 29603 15364 20632 2658 29793 13953 23866 6512 
11419 20711 27402 26170 15313 14791 1831 16112 5828 13547 16382 10976 20443 21042 20680 30698 16070 1691 9811 15412 19297 23455 8454 8223 24539 10436 14368 1145 17943 2927 25152 22772 29778 4345 26410 14038 3335 18182 32456 5107 5647 9746 24943 8664 11021 2637 11620 11594 12041 11945 17823 4591 16731 24113 3534 5706 31179 20380 10141 17389 12278 24354 5429 4073 20980 6798 25858 26506 3639 21397 19130 30017 21686 11366 18843 12770 29515 21122 21492 5647 20826 23502 998 32756 3764 31206 20844 8502 2491 30645 27033 2341 4294 13635 2849 7993 17095 5581 3099 8636 
25387 5147 27909 31940 9473 28942 7433 3428 12639 12409 21374 9507 27905 22577 8882 25005 16692 9576 10215 11465 27634 11318 31899 30859 6991 5497 19725 3019 22548 28383 14332 29398 937 16705 23474 26722 27960 24883 13377 19144 16911 11737 12045 29037 23878 12796 6026 30337 15010 23388 16711 18669 4282 15432 4908 6790 22104 2925 22528 32391 14114 21996 30765 19518 15226 6063 200 6661 10146 11772 7116 25716 22052 22602 23974 13781 4465 15188 3063 25048 12488 6765 16789 10633 31833 15123 5075 23422 7339 9926 7426 17493 6459 16155 4151 862 10854 22540 14927 6036 
25224 19602 5169 14546 29286 16758 19027 20803 3273 2659 23936 11035 11628 25921 16600 9860 18200 32702 6424 3035 7438 31533 283 19997 19365 25236 30625 20892 17460 18176 23120 2807 16434 30236 4600 2632 28572 32514 21531 18079 26263 31057 7597 15792 3671 17024 19224 15304 7487 9586 29059 24582 23114 8266 23892 12487 12201 15488 23027 21602 20654 11573 9937 16918 30440 10179 15786 32576 31376 10905 19975 15569 18979 9798 4614 26880 1361 15571 24669 2364 16150 2902 8093 28773 11047 12740 32436 9531 14991 3335 5814 3351 27546 22352 23005 11993 20722 8879 29646 8737 
5128 25057 32541 32450 30389 29545 13332 24691 6178 25314 29872 21192 229 21651 23021 14689 14956 20292 9795 2146 30111 22608 16753 24866 1217 5628 8569 26408 11415 27655 17644 24915 4301 18050 8807 31576 16277 1762 12638 15218 8337 18260 28696 84 19187 26704 2811 7011 1763 7281 2314 23330 32289 26244 8620 6637 24555 15839 8111 9451 31777 19700 30092 3902 6567 32293 26349 17788 3083 19162 27500 30051 19559 209 11934 7624 6537 29110 20816 23249 25426 16628 20496 16996 1372 17354 13040 25823 5343 10145 27270 17930 17878 21149 32311 25162 11101 12914 28598 5143 
22366 28025 30663 28079 7532 10755 73 23308 31983 24557 32627 8212 30338 26740 6238 1809 20633 16459 9411 21344 3943 12267 3079 19565 9215 20011 2932 29919 5817 4368 21450 16911 12503 24806 8182 26559 26984 24975 10529 3081 6509 26140 7148 30613 15163 17050 29434 5647 14624 28718 23216 23256 3913 14181 568 24060 17635 21701 32204 17765 129 19368 7729 20046 15294 23370 24961 2810 23075 18976 24878 10405 10059 31595 24900 20923 68 782 25838 72 11321 11164 27708 21679 10318 8886 16163 17568 27340 16276 27078 13892 24958 6113 19955 23482 12123 22220 28145 25287 
28004 2652 21625 19657 29392 23299 15874 749 26727 24951 26434 31394 11052 3773 9457 32334 16958 23174 10448 28223 27648 11199 6122 3556 1656 12132 22041 12605 22261 4501 10957 24208 29941 19691 8969 14430 23621 1036 21678 17301 27242 6525 26364 24071 19264 31160 1110 31003 6369 19327 6469 27842 13000 31343 1216 30381 4151 20440 7595 14782 4565 3532 12701 20924 5788 16502 24806 20298 22514 14765 31697 12314 20758 27337 17702 10078 13758 4278 15859 19071 15359 26183 24204 30226 15724 20684 24785 32520 29570 15078 32687 1060 21316 4506 20458 29619 19490 6053 5657 6519 
28191 783 15858 18660 15155 6403 22215 30607 10222 15326 14673 23523 3935 8070 15021 25621 7732 6141 4260 6491 31010 13878 19247 17241 8840 10023 1850 24540 25423 2335 16041 17099 15124 11098 22937 29275 7049 27603 25832 4993 29464 10073 4599 31405 19146 28645 25518 13493 31592 32043 11457 7183 15840 2927 17202 20036 6889 7322 3352 5537 32234 20365 19102 6960 28440 16821 16718 29927 14559 11999 11408 25630 31876 17230 5997 22599 31240 21515 921 2521 3919 29053 433 16781 12930 2105 7873 8141 27569 1051 19209 30825 4541 10646 7681 5773 20085 6472 7066 31984 
11775 12754 24263 30285 15738 17382 19772 2583 31969 19618 14453 10601 10290 10780 4091 10300 7120 32318 2275 22236 22566 13268 24215 20381 26766 23011 4313 19657 12657 18748 17156 6878 27055 18514 8341 31478 17217 8521 27371 2439 1821 24143 5195 32076 10329 8239 3111 21123 4756 17187 8352 13913 14226 17898 6473 18083 8230 10011 28462 31182 1109 11449 17941 17177 11960 18951 2819 18177 12066 6046 23554 13309 8323 4540 7458 4972 1548 4319 24254 9932 916 12435 30976 9516 30011 6280 167 27876 10829 23527 30984 32131 18281 25318 26451 19977 5090 4763 11032 21335 
13925 9997 16394 19171 9436 29585 19714 7600 19347 32084 9287 28542 12185 9268 6412 11838 4202 19924 20026 13768 19658 18159 25200 23504 3828 20204 7496 30742 1012 435 477 15582 8786 5056 27274 29600 17392 5237 4596 29184 5941 10933 11594 23296 11115 32686 31691 117 7270 19446 28553 30904 8551 15066 21357 15517 832 6131 4732 25001 15800 31482 1112 17535 20528 26076 25354 14236 391 2321 19966 2628 6972 8746 32335 31676 24530 10410 4166 28346 16505 15639 1565 28954 5610 3665 26632 27602 24723 10530 9590 3880 21492 26133 7059 20259 12617 27020 25874 1087 
13673 27149 22315 1124 7662 12509 20447 18457 2454 2256 14723 28662 14313 3935 26492 15959 27676 7163 12360 22872 30518 12705 26814 26877 11633 11951 9366 26032 19171 12022 24619 10993 2909 21520 30592 8777 31124 26611 3713 6783 14718 3527 20108 7951 20991 29941 7472 25560 14789 17025 12341 6421 11121 9369 8924 15246 1271 17518 28775 13584 13895 2626 30684 24858 813 26562 27911 18905 7285 7319 23230 12630 21588 10552 6761 15087 29187 25602 25793 18692 26797 25738 24535 25330 30091 14642 20056 14149 26958 6906 17424 3625 8381 5017 942 16418 28831 18893 27079 1277 
2267 26607 2333 12039 4830 20682 23584 9852 3901 5805 12213 14658 13979 26815 11063 4823 25038 27283 6587 28809 15677 10748 22681 26085 19340 10019 3880 17777 31612 8918 5064 414 21772 10019 8742 6648 485 32294 18107 26784 13556 2847 9110 25596 13657 14791 29276 10413 4224 30693 26509 24513 14221 27932 23304 21802 3070 25863 22994 21103 8075 8072 1299 4514 11089 31580 25185 23698 560 12019 321 11329 626 895 6635 23705 19117 17996 2382 18522 13802 25679 20052 24919 25350 25601 27751 6370 19289 12654 22324 11397 11414 28808 19375 10995 18930 18882 14935 17725 
18569 25818 9915 16457 11005 1526 8253 6785 12384 243 14358 14792 6740 30458 6298 13746 7792 4692 8637 4596 1766 13439 11991 32025 18019 19073 27044 26487 823 15228 20111 1634 23990 9603 17968 6047 30174 23724 30739 31003 29754 24678 15035 26845 6661 15117 17638 314 7315 32700 1043 17736 20461 23139 15426 20885 25788 26137 21755 1304 15720 15795 30609 13927 7808 31381 25256 18731 15965 5576 5877 14289 30722 24397 16709 25987 9543 32689 1473 19543 25655 14306 4208 23494 19382 21313 3837 7007 21351 32760 30651 26044 29388 398 16870 20406 15279 29113 29484 4053 
29633 883 9835 31242 29058 31823 28605 25505 16480 22542 16818 881 20515 19053 14300 8790 13192 4930 27281 12257 12844 22727 12268 3917 12716 31798 28181 12469 14859 7318 25282 19077 6484 15316 1022 18223 27264 14869 24106 15135 921 6987 4929 30448 3872 19206 24416 2528 21677 21134 18053 18561 29909 13614 20374 11186 7248 26322 28838 7118 29275 4309 4213 31779 18012 6420 16693 2726 16581 8007 6292 26596 6970 25745 18678 23356 9206 20821 24578 10060 4203 3404 20065 681 25384 24020 7362 2259 26880 16011 29218 14184 4457 26653 20298 19351 9762 14682 9113 5080 
9753 13964 7939 2522 18315 4871 25946 18621 25965 30977 1740 13186 23563 932 25006 24512 6383 8034 20856 6296 25092 17545 20240 3562 6139 16407 26187 969 30702 32463 9393 5677 8259 3724 25984 25832 23764 18902 7924 15324 32332 25011 5318 2922 16596 14783 5106 17710 1520 19071 7102 28905 26019 32243 6136 3518 23258 14954 4223 5026 3848 3994 29189 10510 2317 14832 21522 24822 17244 28709 24652 5375 27997 12050 16119 12269 23568 30661 11448 31834 28148 13268 7582 19374 26151 13297 4450 2379 718 31935 31982 3592 21175 21989 27933 18401 3645 20320 18114 2541 
30572 12573 18411 6288 1382 2247 11879 17905 24325 18910 10117 12974 26818 13321 27935 1743 27094 29613 13271 14073 3231 12478 20129 10724 15940 32725 11138 21007 12700 27011 3479 4019 2380 31718 10328 28405 27952 6777 30 5727 3837 48 13283 31121 25124 10181 5193 9268 2809 3660 11230 12592 18708 1038 7327 16927 24823 32660 30395 2817 18674 9986 27801 17969 7492 935 2075 9368 8067 5073 17701 3616 17726 12006 13657 18027 6624 28592 4389 18886 30679 6393 23040 30296 23798 10328 29168 21919 24088 2890 19536 6686 32263 10884 7120 9551 27548 16264 8637 10719 
27431 10359 643 15898 28432 11814 17264 29349 9151 28787 21946 16747 29370 27866 21188 26841 16653 21315 19869 1870 27887 7454 24009 2765 20130 6834 18245 18678 16539 27314 25541 21300 29411 4114 12608 23351 3517 6680 10670 15269 26505 4790 18449 30988 20968 10007 24242 20252 16929 15992 8877 7699 22724 29497 4271 19576 3213 8756 3839 28940 31882 1101 28859 22782 11648 1610 15973 15966 13964 21222 26526 17108 8454 17184 16944 658 32682 10457 31314 21383 250 10142 22568 1237 222 4035 32394 12934 23950 28593 1798 378 5041 20352 7976 22436 26055 19145 2808 25719 
4804 31925 12485 3482 24573 29274 4641 5091 31304 5960 22061 1155 29279 20574 18711 19070 22662 14563 29920 29791 15214 13778 14179 553 3672 21364 31123 20368 14973 8500 27652 28265 24494 32688 27821 1376 2104 5388 31212 1769 21514 23435 22218 21625 24346 32352 17537 8693 26372 30913 30011 11627 29684 11070 7197 7936 2247 23377 16004 9513 7789 20790 10894 8478 28306 2044 14045 30604 20861 9181 12183 22922 13112 8907 5297 6607 25585 31563 3438 25122 18336 7558 13602 23825 10474 2717 9532 10214 13125 30270 24707 8407 22622 9845 928 25981 9400 1476 24285 5512 
18325 7029 23852 11696 21017 24111 23659 3823 29101 5320 23270 1517 10658 14682 7710 26300 20502 4761 14025 4293 21020 30563 1561 28418 791 28825 10305 18542 31591 11566 26678 29882 19016 31869 8370 18754 32502 17120 11903 21055 19734 7294 22514 11326 20561 8804 19894 4561 13122 1496 10442 29060 15762 30185 2509 8210 3425 843 15738 31449 32744 30306 2671 3724 3421 19357 3122 5672 7191 18949 16245 26153 3827 26646 9113 6141 4854 29389 5490 2489 28724 11010 18250 1547 25072 19704 31272 10351 14852 13875 23634 20902 21380 7561 12560 16485 6302 4476 9651 8778 
8132 12487 30678 12563 9230 20791 20708 12306 23769 2236 31450 24028 30901 19648 21070 11842 16254 7095 6577 24706 8136 25848 4561 17854 11136 8907 31649 19372 18385 23235 26429 8080 5189 30798 29737 32103 19757 13706 26329 32613 11586 1626 14199 418 4748 14778 32224 28177 27267 17743 24304 1201 10613 28482 24319 29703 20775 19023 15787 21963 19135 14361 16088 25570 6113 26049 1270 31116 7961 30390 24707 13535 6009 20943 14544 19572 22403 17559 29191 28000 2889 28904 29805 13669 5586 14523 14565 7530 8640 7230 32438 26665 9520 15911 3725 26920 23778 584 11974 14314 
666 31332 11495 9062 17093 5442 8301 31160 13664 17407 19148 30743 24086 2472 14513 30471 30632 10505 2186 9935 3730 25791 31304 28718 12012 1429 11363 19786 10638 6925 10783 12009 13431 10812 12047 16867 27248 16091 17367 10456 28140 4764 6197 32286 13107 16058 15939 12797 13759 11220 10998 6431 7398 13307 8171 16194 5050 11018 25187 21040 22574 16693 25484 14577 17786 29669 15874 11071 24000 196 11413 23866 5871 3859 24141 4957 28392 836 19371 12977 2783 12485 28978 8512 26116 24090 4902 2765 21347 20270 28308 24002 22281 18923 31634 5226 6761 18696 9416 7776 
32766 20770 6191 32328 6705 7183 5401 28604 2428 3695 23410 10633 1488 11139 8261 4124 5940 31555 11137 27703 16816 5802 766 31209 10345 20053 18107 25532 27661 8012 8810 32304 18545 27168 30766 22376 13689 8246 10403 28452 3897 23394 7199 10991 2393 5047 28983 23194 29118 26526 29829 24808 1638 10790 17833 21643 25236 11163 19854 11599 18222 28762 27119 20886 16995 18915 29209 6148 31376 1584 30962 4475 8293 10566 28730 12106 19524 25865 4369 6561 19177 17236 11705 19017 7504 13897 20638 16273 12243 742 19603 23436 3220 14809 8799 17273 3354 12950 24440 21379 
20287 15526 23054 31403 29001 31554 28235 4866 22871 7968 8410 2587 3071 29325 19110 28096 22069 27580 12772 12516 20078 14686 13395 15577 28934 32114 26306 8899 23519 10847 19924 333 27980 13888 5120 29338 18989 6271 24795 5759 3931 17829 13722 3311 12870 7536 29394 29878 21724 32551 27523 17002 4269 30762 10581 927 32077 16589 17953 25179 30202 31590 32435 31946 25215 27045 25295 25906 1880 3108 18033 24104 8471 24639 22617 9989 20231 12326 455 27796 4366 10544 29572 12813 23768 11379 1057 17991 3633 3473 17283 6441 14003 13268 26528 1378 4258 20862 30339 25177 
6420 9562 20886 29287 5461 31383 1568 325 1929 23254 1805 18112 22163 9858 13294 25012 11574 1888 20800 32567 21626 29031 22001 533 3410 9681 12832 15997 11643 27762 29477 7673 935 30537 26833 16291 18139 9301 12278 26775 5398 4521 17962 22692 17715 14275 2761 22343 4112 32282 20793 3289 21744 32246 26738 31751 32030 26500 15293 12163 17108 15658 28859 28665 24410 22808 9898 5701 25714 28960 15076 19939 17652 3271 13992 23462 20662 8604 18973 15533 10158 18888 30868 12692 26715 18663 23054 2535 7520 21270 5630 17372 11891 19021 31568 21569 22645 26096 22953 10931 
28898 30880 32753 17937 30828 18519 1039 27952 16611 11444 14323 24528 10840 26515 28634 5071 15234 27617 32205 21149 6497 1711 1643 19184 8736 7812 4841 27321 12096 31992 1111 5462 17139 22142 19493 2569 9414 1154 3557 3753 12675 9652 3666 12951 25174 6307 5010 15860 20270 1165 6840 8465 12390 25717 1677 30759 9125 18551 11152 30537 14339 16729 23867 21142 1389 10850 24712 30387 21322 17775 26548 9593 4702 23875 31555 19178 11759 25119 29764 7786 30759 13458 27606 25644 13754 4755 17387 25322 3273 23245 11596 25049 23301 6714 20190 17116 14103 6131 29219 3319 
8512 21319 22787 31495 10044 10250 8397 25265 32621 3375 22137 1945 24373 8602 8240 11988 4260 31535 8206 1695 2899 27695 29734 13905 5263 12996 30662 10894 10938 18138 10749 29118 16367 14897 23899 15549 2021 24240 5368 22484 23830 9981 12983 12265 288 30026 23244 14322 15467 19570 12412 17072 8460 5956 20516 9369 29929 31262 10877 12822 1822 25279 9502 28142 29856 19030 9283 31746 8224 24030 25036 11324 24883 174 13705 12738 11951 23884 12980 23151 18520 30851 16063 23171 9148 31413 1361 153 8283 9074 28043 26074 18187 6984 29839 28273 6299 6109 4419 11838 
12215 1596 1362 1487 14859 12141 16244 2956 3244 2888 13040 5425 22451 13706 18527 30082 15659 14633 19378 16954 20269 9701 31606 13892 14665 9248 7511 1069 6440 31471 15331 11482 19056 15473 29073 11894 10728 3168 25858 8111 5085 13541 23174 2850 8644 32177 32482 7955 27424 31049 20305 1378 19878 15521 17096 30650 159 13549 6270 25612 30607 4020 28588 13628 22548 26918 3217 5146 1808 13487 28346 13459 4362 5068 7296 809 29138 3870 18386 18080 32612 26045 12341 2554 31759 26318 26120 25254 5079 2392 21261 26357 18711 13907 11301 26829 5227 30978 12379 18593 
15308 2435 22820 29856 9469 26021 24549 26669 10023 27641 15542 16272 8128 11564 614 13291 20144 26515 15295 4975 15799 24840 11787 2511 14089 4853 9431 19701 3900 23726 10998 501 18020 12292 21705 28223 17533 27671 32702 18712 13577 23147 11031 16715 17913 574 19949 2843 19921 17945 20084 2685 7432 32678 32384 28036 32429 3521 16712 19229 11345 2257 15978 6652 14624 4441 17968 5078 14417 27850 19218 22737 8897 25756 5244 26425 16346 7068 3793 15220 5562 19848 23727 11320 9361 11481 3445 22267 29003 21216 7426 12459 9072 30228 8384 3744 14920 23211 17890 15311 
7490 12647 1257 28224 2966 22707 11885 12482 12074 13294 13594 5341 22195 3335 22777 16648 6940 13386 6128 12060 29739 21113 1933 12041 98 8479 31743 455 1059 32033 8293 8336 25624 1942 25676 1101 7890 18648 25202 334 2480 2523 9424 2877 21763 22462 27096 30037 7023 26016 20220 719 149 16565 1135 23453 8942 2713 28207 14683 25850 11748 22083 24707 20891 16638 5185 14816 8123 2869 19988 8261 6453 24588 13820 13950 26867 17622 27094 22919 5204 5252 22430 764 9168 5564 19250 12241 16094 14123 2393 8003 16149 26139 7171 32270 32402 13128 13267 20961 
26011 14831 17114 14607 31617 32041 13478 21127 32459 12151 26491 25094 18576 6302 19168 1163 32549 3509 18269 2316 23545 12156 21380 16743 2236 25327 23086 24475 22471 14363 22023 13112 23480 13105 17997 23316 8796 11225 24788 16192 5843 14024 9550 26426 20206 19861 13769 100 18396 10440 6265 10421 22022 53 18104 20911 19511 9608 11595 20369 7680 11552 487 26829 347 6433 4595 31164 21390 15044 28304 145 17746 15858 6615 9612 4661 4882 6497 4976 18237 11039 4621 13366 23758 14845 20733 9731 10189 29453 26082 31832 26118 29695 12922 8584 27083 20967 4951 27760 
10462 31891 1505 15970 12946 27676 28574 15714 20780 19644 27313 32405 23183 7391 15265 13558 29721 29053 21596 14411 19912 21670 2172 30808 6305 29279 22216 12370 15442 1964 27646 28310 4118 18414 17104 17563 6873 11375 1324 13093 7837 25148 4800 9916 29468 18995 20670 6237 29614 16220 9948 9839 1134 6013 19872 14840 29336 4584 20954 3089 13366 10392 29042 8088 19196 30588 13667 804 20080 11795 27912 28478 24910 16185 28311 5326 5674 17217 16619 12243 1879 16451 4742 12887 9736 19639 8662 7075 1205 16451 31415 20399 8384 26322 11578 732 28505 27110 24996 3557 
12703 25647 28090 15891 21511 21340 20284 30129 23810 23601 12208 12480 11994 5338 21856 16876 8413 18815 9638 23486 13246 28440 7271 14866 25912 14467 23774 32716 26356 467 16283 7367 15533 1516 459 20494 1426 4685 31161 6735 29932 11564 29845 13452 15872 25032 8565 24340 30519 9979 11673 7346 14460 5134 30195 11812 30950 22482 29158 25038 28567 9708 15183 2992 31716 3697 22466 14742 22710 29619 10006 30606 7983 4698 6947 14495 23697 20406 7370 14264 16220 16979 16950 25831 8119 10446 14946 13003 26385 17128 4571 22604 6920 16601 13512 23177 3978 15591 21031 29458 
1082 29494 1113 9816 12565 11234 25313 7778 1621 2891 24937 7617 9109 15536 8197 7877 18999 11008 4284 29425 20227 15340 5701 30381 20240 16705 14 11579 11240 5237 1923 22764 4839 4223 12940 25492 5092 24044 16215 11067 2836 17712 32089 1813 25130 31546 14223 6325 27843 7243 5130 15741 25602 18695 3242 13401 17783 6605 25898 19373 6470 23620 16988 11147 25477 20278 18102 4138 17637 20642 22542 2195 3733 12812 29346 3486 19811 10008 11611 1309 4133 599 21331 1367 27991 13409 13972 27832 3077 16676 8227 8646 13292 8059 317 3927 10460 14083 18912 12545 
21856 28714 2189 17363 2209 2696 14157 28482 19336 11635 23026 31334 4387 26317 20895 24935 17994 3105 2442 24370 1154 12782 24833 16240 27681 11587 30379 3256 27059 21388 14609 28419 27293 27820 24668 20065 17664 2892 13664 3563 22240 16242 18906 29433 8326 22357 1526 3221 24098 8816 12053 12079 25781 27349 19404 22674 17966 6340 2352 4118 211 13436 1361 5911 15843 14929 8964 32167 25466 29951 19174 28544 32180 21054 15773 19772 17173 26006 23393 26057 14377 3445 1212 25623 13927 28287 30861 17683 23131 14629 21331 27097 7429 28025 5032 6693 7292 4416 18444 2827 
22486 3145 18916 15849 25164 7934 10690 19353 20890 10041 12519 28651 27557 10073 7175 26962 22368 17300 29516 221 21744 10639 9117 20073 16655 5675 15647 3350 26542 28066 31484 5111 27102 6612 30820 18190 15088 8923 14034 5239 30939 13797 22929 20963 9183 3651 14974 3656 31080 29885 15375 11223 30261 18729 31892 22063 17337 19004 20157 10448 5314 3999 7005 6610 13656 27205 4205 31959 20968 7933 16724 12862 14754 12099 7270 22169 8223 9308 22954 1633 8775 4258 18144 2537 4722 15132 5314 32145 20429 10577 2443 19004 11520 31582 15542 516 10765 20039 16392 29996 
1403 6283 22992 4949 26805 13563 13422 27893 13229 4043 10002 26886 11204 10730 31686 763 4590 26255 22191 9464 25617 22293 8847 29250 19887 30984 9871 5621 3013 6784 10556 27125 18419 22701 17615 2598 11996 27828 20657 10208 17872 15033 1086 12701 17321 22333 14026 8949 28914 30379 24801 4301 21327 31533 17107 17867 10264 5316 21616 781 29256 10136 25105 14618 8086 27789 31448 19736 2273 22 5176 15936 20945 21326 1719 16272 27580 13125 18418 6591 16326 23191 1506 26998 17485 16708 1887 3517 388 7867 30178 23220 18781 21048 29839 25731 9901 9552 10355 30355 
18315 7371 5642 2815 26360 19377 30724 22085 31174 23719 29512 15170 8882 17788 19514 15197 12756 22784 313 14082 13113 11029 28268 4690 20686 31496 24255 4632 2943 6177 11816 1279 4001 29816 24879 3331 10381 23051 21933 7462 6030 30222 28884 32612 20990 11906 28271 30440 27307 30217 13675 21120 10880 4601 21911 847 7265 1711 4776 3010 4182 7718 8320 23237 23020 15560 29872 26422 19928 30851 20795 8089 17118 9760 27805 526 6641 20688 23307 28801 4508 20488 7421 5409 26784 28559 30442 27411 5087 24022 30290 16231 2936 21639 18434 15947 29492 12128 17300 24702 
8737 25922 20533 19720 19836 6021 1707 809 23252 11151 13462 24719 7533 8869 9461 22475 739 9216 20973 27398 29455 27940 25542 16112 26414 7277 8503 23034 31808 2539 13539 25541 1199 8816 27683 30938 23857 30950 21254 26267 2287 486 20886 25466 22759 11655 11869 5992 8847 21364 6696 2192 18875 9538 10507 16454 8640 6912 23717 15418 27098 3599 9125 32754 26827 30260 29325 23159 27589 31979 22967 13390 11402 23294 15509 31145 25298 13399 3644 29919 1261 26130 14116 11546 31657 31447 2089 7503 19830 14695 24278 22388 1224 372 24291 26605 21949 27318 25852 3399 
18176 23099 5829 6184 25069 511 13338 1926 11766 32444 3483 13592 31557 2051 17512 9738 16546 26252 14121 21493 4248 9419 16466 526 27091 11715 10661 29342 26317 19999 30968 4274 4266 19327 31288 25107 22880 1552 10926 21880 282 22623 27009 16635 27359 10607 4476 9418 9326 25865 24594 1567 9581 20051 19871 30322 2499 24740 15089 6893 19267 12951 6151 18464 16010 3934 26648 1526 22314 14937 18136 4071 30472 4327 21238 9584 19714 32381 8681 16064 1749 30453 8428 31157 23102 27432 1863 21254 10592 27582 15825 32706 18022 28229 24499 31481 6761 26753 14446 7096 
13204 13827 25376 18235 32390 31741 28419 4959 12023 32597 11574 27990 7071 8440 3008 6302 4435 29809 8658 6708 24946 9402 20812 25605 12159 6994 8579 21669 16911 7567 14145 24387 23270 21558 3598 28637 23133 29001 22190 24496 12807 26656 7915 3571 27283 27579 9877 28868 16628 10071 1478 12899 7872 25919 2154 11934 29142 6117 25343 25740 10052 31025 9370 12414 19816 13337 2603 25139 8533 19570 5889 843 2935 14598 5777 25086 20347 25574 27507 13326 29545 1282 20397 26106 8723 2806 27188 27253 3251 1575 23984 7702 4048 18959 13440 4945 8033 14549 19966 23206 
15925 27937 12548 6936 1170 13870 26543 3809 31261 6689 18530 14436 18169 21145 20494 25443 51 30599 29105 18034 4958 19520 32541 22700 5498 25296 3835 12196 31003 2449 1039 31135 28615 14077 6590 26624 31391 26561 6605 7683 28225 8978 8043 30638 28142 6468 2930 15621 8680 4249 3562 5502 11550 5207 26831 20404 9739 6685 20499 20831 5852 4470 2791 17284 18641 4527 14903 20201 24293 6630 26739 31948 945 5988 18069 4052 11918 9773 14944 26952 17402 16340 8677 20095 5437 19604 28748 8856 844 19101 2001 26731 18669 32684 29965 8382 12316 26846 28535 22717 
13997 23750 17194 31908 26164 5053 2025 17087 25378 2681 18784 17044 30512 29410 1196 3167 6913 10016 7966 21694 17154 21241 14908 2222 29590 18266 2313 23990 24688 11315 2695 12898 6975 1160 19833 21235 5521 14534 8557 30293 31217 6995 22778 1873 8275 7016 327 3588 8627 6691 13004 19856 20216 5592 24413 27153 3870 8105 16740 10963 26772 20310 20590 11458 14819 10582 24297 6433 26001 11046 17707 13439 30021 29153 15799 23015 30763 12049 22204 13912 8346 24516 7391 22644 25845 31203 25402 26748 10191 960 19621 7292 11090 18926 31284 15555 21473 10069 769 19606 
32252 4997 6443 11046 27492 27467 30 16575 2944 10114 14357 3137 8960 30252 734 9428 5824 27074 9693 984 24047 13000 3412 11035 24432 6051 13538 31567 16000 7855 31049 20155 23194 7821 14196 11312 1687 10426 23736 9791 15130 614 19546 15017 18475 8067 15953 17943 18978 21532 31566 24587 26055 12264 6650 13079 4023 14367 8574 9549 25354 29580 13641 25846 19250 31972 11789 11655 1318 3926 17419 22736 15297 16739 11921 4215 17252 25072 23745 13221 14563 11161 11155 17663 1951 16969 15646 29912 6895 12039 21779 7076 16069 19987 24202 14512 29582 25394 32513 18705 
14681 18502 23201 2779 5692 27169 28100 147 23539 1947 8117 18662 28875 26338 29366 7834 8127 29970 30024 5318 13280 1030 22694 25406 25338 6765 20627 22354 19316 2592 8277 15544 2424 16563 30978 21190 10068 1609 3322 8676 27936 7853 31925 17730 21409 159 191 31942 7790 5996 29952 6985 24913 17090 10561 9474 29936 2241 6892 12866 7853 11861 31763 27234 28618 10692 11188 11002 8145 9091 828 12116 26163 31054 7497 19489 5935 30583 31156 4970 2037 15487 8911 29897 32268 31459 14315 11736 11761 3384 286 7914 3329 4218 28739 22521 31384 30882 13121 29152 
1147 21366 15249 1994 19059 11685 24314 25835 17723 19987 30111 14958 29852 15218 6460 29102 14551 16402 27053 28328 23363 24570 31408 22193 2615 30007 20203 12132 19498 26228 1073 27103 11801 11211 5377 11823 12586 5595 21327 31496 15246 2843 135 28089 4267 12141 9936 18016 5243 10743 6030 31834 24111 32046 13098 30462 24089 9523 24085 16011 6856 28771 18186 14686 18805 17962 25236 18793 17822 20503 16337 24032 11248 14646 6773 19765 7274 30618 19985 2887 26560 21561 3734 4055 11261 9469 2581 315 9325 27927 22472 30550 12474 22423 22614 27335 22357 16441 27475 9313 
18199 16002 7686 16603 7209 26380 14192 7369 27681 14111 17801 15563 23917 24192 4045 1541 19957 23438 4855 23247 19708 7562 27149 28589 27719 8503 18588 27777 11394 15267 27205 11775 2271 1860 7032 15202 26112 10054 16256 17501 26647 21796 30656 15189 29772 27766 20540 24525 24927 26890 5467 19746 7054 2869 14059 24952 16313 5739 23653 4340 29124 24078 3698 31020 29245 5252 6575 18651 14142 4236 3757 20442 3221 31954 829 19275 32547 9665 30954 16919 6018 22936 3270 1436 10219 3776 21610 10911 12630 17501 3128 3720 9186 20771 31459 15566 32376 5226 11826 18608 
4523 15749 29952 28454 27107 7504 14984 5399 9403 13833 9951 30156 13735 32097 10434 5541 24026 1234 19602 19722 23399 31794 1181 32677 5030 17033 18079 21454 15577 31008 8841 32327 19215 19674 13952 30250 9289 27079 9257 9503 24540 19703 27428 26578 5398 26764 19670 29349 32036 19987 7532 28322 27699 21269 9756 25267 26070 25576 31918 15637 20648 30923 29756 4362 3378 24883 2870 23758 29711 22879 31400 27597 32589 7730 19136 10515 8983 29506 4235 30212 6545 20269 14591 22861 9732 8748 1342 6682 4923 27370 7193 7050 28973 3478 21715 3167 21980 8502 7976 16123 
9596 10047 11406 15752 9688 24931 16059 28278 24818 14763 16231 23850 6889 28869 1363 31476 24352 1695 27274 27714 26781 4405 6119 13844 27055 30119 10711 24496 30420 14222 4704 23703 6361 21136 23651 21175 19011 21042 13342 4322 25582 7150 22772 18815 15604 8070 23665 25984 464 24983 21129 916 1732 5233 22304 30621 6520 13094 3280 24164 5603 21217 30950 6539 17006 7801 24749 18372 14167 12358 3056 3393 21844 15924 4282 16492 3962 19477 3168 20183 3164 22588 28097 28278 25207 13895 13517 28428 29646 3132 19268 16355 11473 9688 23232 32192 10883 4643 17398 7446 
3036 16200 6969 1146 29292 2212 20032 11095 30274 27421 22312 4323 4364 21429 8380 8017 17536 15454 32757 20297 32762 2833 26301 8085 2406 26394 13304 13597 28000 30902 17605 14101 15002 18143 11009 15221 3198 10087 11534 22441 10517 30020 29394 10634 13864 299 1026 27790 18853 28768 31648 28475 22851 32204 5314 31970 19817 20816 29846 3977 15181 24921 21923 24105 2649 4788 30801 6938 2258 2724 31916 30411 13243 26418 2405 15030 13815 20933 25625 4243 25263 8178 24278 18892 12019 30357 16092 15154 28324 8993 160 238 22673 7988 7447 16058 5600 29295 13360 12369 
24752 26244 16547 7715 30204 16784 14569 2638 24258 31404 16779 10698 21605 7358 21664 32227 17489 19350 657 8685 14045 7990 12320 8499 7541 18800 30121 26928 19448 14775 935 11266 8543 13103 12409 18203 9120 2310 4967 570 4817 29959 20704 15001 14225 15468 31749 20072 28836 5876 12652 23675 17373 3126 20253 11328 30273 15157 28129 20979 28521 16436 32701 25365 27688 11468 14265 20250 17518 17979 7909 12386 18540 32255 31390 10602 30969 22692 26638 8772 7989 14042 20722 31300 1900 13514 7584 509 25405 5034 18504 20843 5883 24975 13690 20082 30291 21379 30184 30599 
13359 1496 21870 18094 2523 5820 23375 16548 22886 20237 8130 1117 20300 19822 6829 28337 18257 26522 20400 9810 30896 13816 31589 9217 11637 32112 9702 2817 2344 27518 16016 26060 8875 22660 9479 6918 30053 1125 17274 11951 28065 335 7721 9116 5168 16600 31780 4392 7510 30541 3413 16679 24292 18758 12736 27163 29089 30590 17930 22955 494 31970 6456 9040 5034 21224 28602 10066 15700 20514 14248 1523 7791 21779 21067 21225 5419 15169 5855 7442 30529 14987 29335 7780 21023 14525 18914 10275 30277 14178 32493 8022 20975 21466 16745 7547 24308 3500 2958 2426 
10222 18205 28768 15576 10395 13313 7985 2349 3459 10961 16487 12760 5851 3070 3967 11761 8874 13189 22098 18047 8746 10436 11671 25835 32369 139 9898 9653 12368 9591 17036 870 3964 31355 23082 11718 7403 3008 23522 24910 19585 16815 579 21216 4588 19020 26644 950 13517 11461 7576 4505 12312 15178 8977 22355 8381 22304 27779 29030 1928 15089 21178 31486 25157 16231 5518 5925 24617 19961 21350 6710 13677 30212 6651 26516 21052 22557 29791 22427 207 23462 6717 14807 11991 25247 9314 18292 26139 28607 27260 6646 14434 29379 28194 31275 8851 12039 30485 7005 
11035 28755 17606 5835 16271 503 31000 15195 5522 7194 8294 1417 4858 15183 31432 21411 302 5737 27282 10808 4050 9873 11294 7374 27303 30101 15052 11987 26284 9859 1862 16598 2698 27767 25353 24055 30254 25521 17697 32156 28088 234 19507 3430 2964 2792 8641 22372 24038 21073 8874 6278 29484 7101 28912 23380 6687 28686 21182 27359 22745 18180 682 29176 24381 16396 21815 6817 30868 23897 22430 16833 16500 30006 19406 4892 7910 19867 9649 8577 20423 5630 28081 20293 31087 13163 11387 6897 5777 4823 17410 9272 14178 30130 22983 32044 24062 27835 13913 7089 
31239 29976 15895 32561 18319 27558 26429 24209 5432 19086 20767 29284 13721 25881 24751 12127 8164 5573 1605 1293 966 4760 4256 29892 21647 23476 12584 5336 3987 30764 5493 21518 16848 29974 14869 4436 4305 23265 23178 23471 19154 3305 8851 28276 16932 18249 1197 15803 30675 12016 23000 10001 22919 10232 11934 6765 5800 26163 24914 20326 20677 27654 30102 23202 11063 27514 16671 14226 32257 15760 21949 6748 12283 25557 19605 7705 31792 18487 22193 9025 9860 12055 14012 29283 25498 3999 2054 30490 30708 18006 30415 10044 21084 22001 19905 27220 9603 10861 31934 5459 
17641 4698 31964 20098 18684 25210 13742 28091 16004 30602 18374 11481 25918 2656 24695 15469 16839 2614 31456 4275 1724 28998 12837 31428 6432 18327 2304 25100 13310 18454 19065 12799 28495 23528 26609 20488 11805 24575 30821 11714 14313 26859 15601 19307 331 30963 20115 16022 26584 23653 22834 4383 25928 8234 2015 3172 32217 22173 1626 17586 28142 7838 15320 30974 23292 8417 8963 6870 2982 30604 25411 4759 27431 13314 3900 5087 23537 30457 11416 5701 7571 20179 26886 17992 18912 20523 8322 646 11598 7342 6360 14639 32412 19500 5731 14776 14776 27630 11803 20180 
8671 2123 30927 13472 12038 29814 2990 16157 27257 17562 23052 17636 32450 11817 25699 8725 32460 17009 22680 26513 10312 14192 1920 2665 9552 13033 21411 10134 4426 19383 32064 12266 17680 13666 28561 4166 11854 18928 29519 10766 13867 26109 27257 12250 31531 19214 31058 14958 25171 31779 16553 10733 17295 18571 3420 10057 13650 30972 8479 23038 15228 21219 30842 9728 23936 26105 12817 1521 26566 22551 31528 21912 23630 9035 9574 8335 22167 31275 18905 18747 26303 18025 7483 7169 10219 30120 22900 8887 5609 2190 24671 19545 26132 6171 31697 15614 26488 17721 24280 23050 
11831 18068 19520 26276 3628 2219 1628 17515 10445 5160 27651 11364 4694 11884 26328 29751 21028 26735 3790 13212 16990 4039 9964 24080 4827 13830 22350 9420 29504 16969 18541 13559 10345 16654 928 9755 4363 26182 15586 11478 23959 30124 27093 26066 32609 1364 18951 19702 4865 20103 17524 13534 18937 206 15949 21129 6041 19277 20216 12626 9504 4178 30040 8994 20772 30510 12878 227 15924 20548 11392 20280 13499 32607 16729 7019 23591 24649 10065 9383 3915 22937 1390 9575 20482 4556 9226 20782 7702 31383 6872 23161 13664 9852 8226 5361 30512 7324 23892 2022 
751 7884 27838 1273 16898 5610 25750 5912 27378 6258 4924 23984 16330 16204 20674 10269 3009 15592 2476 25958 9241 27277 26356 15399 28743 16366 14162 24270 15700 26879 32186 28682 24707 28166 18725 2945 27956 8693 14740 18114 520 19191 22098 15994 28998 14665 6522 1002 18558 16459 21690 32408 31596 17879 21334 5701 13854 23505 23920 14624 6745 6143 134 4665 27706 7707 16700 1080 29209 4135 6748 15439 2994 22785 27931 29037 17543 1335 18078 9141 25984 7708 7868 28718 18901 15132 29702 19644 31533 15692 26884 16463 22792 26949 18114 27482 20314 21299 2187 29831 
24696 20777 21749 11689 1592 26552 2078 1265 11860 25791 13108 5734 22032 7300 13627 29071 2333 32004 20746 26482 18364 27528 25751 29891 6183 8313 9589 7253 18220 30069 1691 17876 7195 22946 11111 29878 994 24643 3043 27503 30583 7561 11846 3812 8566 17835 6590 7715 1804 16953 26220 4689 14355 12717 3760 15075 19070 1347 26024 27154 9464 12554 22259 17800 23752 8763 21435 3936 11000 28618 4338 31565 15542 31036 31451 25625 25338 26552 461 30034 25961 17760 9268 7488 31866 7906 23000 23321 14039 25417 17506 15736 19974 30234 18716 9484 11848 10140 30712 8077 
13761 1911 25556 28405 28378 17792 20476 4332 18916 5332 22256 23172 6654 17700 28264 31782 22840 1615 27798 461 30712 2614 29355 9073 15261 30924 24732 31175 28771 27244 13862 27431 29318 23664 1296 25805 21163 21503 22704 13381 6523 8998 14000 5409 28305 1066 7442 18157 9878 32541 8562 16229 31914 19888 5515 19685 31494 12616 21757 15648 22240 28500 8270 23573 17295 26589 10542 24383 240 31326 13311 4364 10504 11479 29332 20625 235 18717 31801 14716 20700 25716 1780 2122 1973 1375 17931 3770 11658 23479 4550 19585 27017 16123 15478 63 7972 26343 14518 17586 
26227 4680 29937 3625 25555 4110 4133 7228 17108 24227 19430 13243 22610 21883 24485 13540 12257 3309 4402 25049 2159 30785 13952 26961 1060 26122 1193 2445 3981 23222 20529 24462 17402 31075 8847 13957 18724 28404 18665 27531 31251 4964 16416 14738 20799 13659 8716 411 24566 17407 30729 25386 21757 19213 5810 14583 22138 29992 26348 19943 13073 2161 16423 24122 11854 4439 14304 14598 27715 12209 2666 5604 16498 14858 239 29417 25581 11067 30898 3800 22203 3648 28566 21397 28798 23620 14820 17629 25683 254 17737 18229 15354 31040 3358 21280 3639 16333 9196 26773 
29815 31852 30256 22192 951 10554 10843 11176 19618 8772 16925 24833 9977 21333 24803 6147 19512 30733 23455 31338 1399 8755 30151 4959 28814 31308 28576 13479 8316 28269 18876 15387 7434 17229 25025 19800 1451 15262 19565 21431 23463 18846 4311 24704 14200 32489 10488 14682 28020 11921 27497 11014 26029 30064 17006 29773 11030 7357 21556 23863 30183 2782 87 20094 13634 13949 22183 32066 23574 20446 27436 32510 30020 5232 11112 22971 17152 162 6363 25732 28026 21495 3277 3097 1214 7005 26951 20456 23001 13755 23395 2872 29502 1737 4805 24232 8296 19492 4714 19928 
28864 18594 32417 25958 4544 14818 3158 32028 22617 19496 30102 27239 31122 104 5968 14091 13939 14497 7257 12310 32545 24173 22963 24850 20810 22485 16399 20351 21955 15977 1680 2689 368 3217 29394 25301 15717 13598 25131 24329 23114 22820 30769 16365 21252 4108 5756 10565 8850 30181 429 17088 12596 29691 22446 25902 7379 30635 15164 10221 24733 2933 22691 25252 8176 1619 10185 30516 6265 17737 3950 30700 32669 9022 19890 32253 20247 8970 18904 17453 17635 32720 13129 22991 6747 6030 4572 498 13985 25586 11092 4825 24636 30064 25131 27051 12806 9361 29070 18028 
22341 28046 10920 9260 21272 10781 5923 24958 22293 7563 9452 19756 27952 1803 16183 27433 30942 11854 30916 1479 21371 7763 11104 24362 2025 641 12462 5885 29051 23027 6183 6243 16913 29971 32352 9265 13188 29034 27019 19290 26692 10166 20289 28075 16191 16445 10111 4280 7941 24930 12526 8982 31786 11382 19047 32714 7916 31952 1462 17922 27670 7456 22430 22787 13605 26368 2334 7267 21416 204 19955 16504 5101 11700 9310 13072 13017 25615 25127 2146 29464 7666 4834 28741 3447 6146 2929 2976 141 29318 22218 13858 929 26817 24571 6195 8392 4734 32107 5418 
14926 25580 16738 27072 32599 24492 13259 3780 5062 12073 22841 13329 28510 5416 11049 26558 14375 28320 25991 15764 7188 13771 19827 2757 28130 15229 21828 2522 2371 2741 16845 31470 16956 10865 13536 5146 25548 12743 16657 22064 462 25138 27324 6572 8736 15402 14922 26599 261 16887 17327 29838 29896 23750 18231 19283 13475 6141 20355 1506 1758 9932 28878 7703 6715 26628 3446 12398 3730 23597 17335 17083 28857 16851 26809 25371 11686 19488 13517 13098 16600 10160 1267 13174 8691 16800 21921 25396 13738 1256 23231 2098 17889 491 22774 13069 17683 13389 9258 21412 
24818 23301 26437 29132 10318 5811 6455 24134 18488 16947 17211 28654 9319 14706 31835 8500 20187 640 15926 8656 8895 3303 30465 12466 1684 31548 31948 21048 6540 10995 17926 13988 20532 28279 2884 25805 17494 11643 13886 32021 15390 24458 16922 10394 11387 5350 28910 2225 15048 399 31360 14992 428 16034 6224 17226 7487 13796 4824 30721 17006 27551 13330 13910 26016 6829 17211 293 13466 22226 28119 21872 26527 10575 16885 19352 11740 23475 7604 22739 14596 25845 14342 17626 11320 11456 9908 10210 29225 6414 1442 1230 16000 6648 9045 21411 15998 10188 22194 4156 
15583 26465 25096 8511 15621 26791 1873 11087 20818 13186 12725 9347 12502 5849 22608 15383 20522 28138 32309 27234 411 20448 29619 15624 24715 23975 15575 13169 3093 8703 16689 16250 29936 14287 10459 15978 17046 10940 2744 32295 5029 17915 20474 8874 7557 17763 28903 32688 28491 7367 28380 15026 23517 18818 12178 18712 20311 25171 7584 7850 5038 22892 12865 8263 18580 9413 19544 11993 4763 16566 30897 24200 17820 16581 3978 11822 3674 25277 19282 21259 24419 22528 15536 27835 9527 14621 16327 13668 1452 22437 22201 564 11921 25147 3433 10251 30610 3819 19078 6260 
23387 16317 12741 19162 3073 21897 31597 17913 9885 9484 25881 23954 19002 16956 8121 30819 5617 5593 24283 29270 21074 28997 27945 28409 18950 5269 27186 12334 5555 23272 5485 17700 24352 247 19066 9605 24474 14830 4780 3313 7574 1659 28613 10924 11671 548 17408 31123 31314 6877 31573 21589 22544 26330 23032 6623 26453 3234 5155 30232 2751 29029 4885 8911 29744 8591 2907 13553 3376 10141 18510 18944 16012 17711 20701 10688 23363 16991 18828 12340 12963 18258 14269 5064 3504 29708 2606 23504 7109 10889 2756 6961 4734 16137 7559 17246 1236 683 28909 9095 
13706 23613 859 26637 26825 25427 8681 11832 30983 12694 17510 44 13101 24159 27292 19737 15864 22661 24276 12723 4255 4723 413 9442 15543 13437 714 23738 3924 18804 11194 32685 19826 6519 7900 30207 3987 9997 12401 28539 169 625 15508 29029 1077 26413 7800 175 1969 22506 11506 15471 812 11399 24631 31889 27956 18024 1254 18633 9720 24337 8265 15308 7598 9459 27096 9920 14899 6789 32254 2289 16369 27543 11808 12229 16902 11492 4572 4850 23971 14822 15758 16622 17585 9454 16921 28584 23483 28019 23012 1397 28424 28842 26402 11853 17159 18520 10071 20791 
1009 3045 16407 31234 22697 10161 2321 2870 7399 16043 14157 19530 1685 18975 19890 10263 14969 27599 30411 12173 5141 9798 11211 13477 9419 28521 19662 4502 11845 20815 3681 28748 7188 3410 24645 9750 16535 30054 12656 30623 22815 28586 13653 22815 7504 22589 3685 32466 24011 13651 470 20906 30218 29064 6307 7233 5514 4212 20948 1041 9264 4479 18943 8935 17894 29942 31759 21653 16773 5983 32580 3303 20215 22282 26235 18905 4253 14313 9392 30215 15342 31137 6849 20325 13665 21473 12916 9776 9101 19699 10940 2085 15759 24209 31032 11248 22701 23801 25853 12519 
31033 21572 16021 1784 27319 20467 22855 4832 9026 16587 10649 25246 30251 29923 11540 1576 23012 22011 32583 24668 17692 25103 16399 1081 26412 4652 12053 29263 16306 9091 8343 19060 22907 30396 12140 17849 11431 31116 20546 3229 27655 20106 10795 15744 16842 10046 22616 14170 16217 1147 31011 31916 1151 20719 11859 17079 25037 2553 29340 237 31293 27322 26726 5285 10261 19823 1488 19730 10510 14078 16883 29558 21942 16590 10091 9107 26643 21724 28692 2146 5513 28684 3601 20744 32765 24253 17939 29190 16955 10143 16087 1712 7061 6345 10737 26336 32461 11014 27081 17643 
2102 12144 22755 26580 7957 31553 5731 21952 17997 1509 31696 682 24636 11604 8216 22360 27104 5278 3028 9358 28990 20679 718 22145 19204 22486 1728 31886 19309 26153 30559 31020 1637 19979 29592 28192 23278 25993 24602 14576 19906 1665 14100 5017 30521 21755 1344 11652 2158 16316 14368 20663 11165 28441 8584 26441 17360 5642 21596 29976 20411 22911 16027 22974 29668 16887 9372 28352 28679 27470 24984 22025 952 26326 4457 3223 1610 938 1937 5493 13808 28991 14206 20713 546 28732 29197 21486 21826 1420 7244 21476 8576 25521 17284 31367 13563 32347 12919 13854 
6440 31801 27622 23028 376 31503 11862 8972 3381 23049 25876 29969 24749 32335 10871 25484 22931 17881 16229 23386 25250 7301 7192 92 10883 26470 32290 4976 16881 14943 6063 29856 25883 3057 17419 5530 29770 23378 25956 28768 24515 31935 20432 22081 2799 18 26002 11016 27321 26007 18585 24691 25400 5404 17737 17895 10382 19271 23166 97 10000 28973 718 16048 13991 4639 8975 32226 7541 25543 16921 29180 9660 5237 28109 26350 19196 21427 29015 11717 16988 18719 16559 27171 25163 28026 15718 21484 11623 31228 14495 16707 1182 25066 22108 3253 17555 2667 13819 11187 
21059 13464 1024 2374 23272 19922 22804 30974 19230 6744 2638 22060 16708 28184 20146 9040 32549 26566 24055 15829 7895 25132 27790 31228 3812 4033 10463 15127 6568 29820 7638 23543 31738 12778 7838 31655 20239 22911 8108 603 18842 14634 8448 29347 7224 22059 3495 23268 27916 2601 13445 31497 13990 30335 15953 29302 3626 16856 17633 2621 5294 21499 28584 28565 6115 1000 14717 29320 9720 27683 17309 7403 6331 22864 23028 13715 23554 1792 3224 966 29513 7883 663 26352 668 11679 27122 5783 24248 855 10473 7825 26733 12431 13433 27509 14150 5815 12324 31567 
22380 15975 15088 1688 7880 26610 3506 13669 23912 2622 20108 13534 27940 13267 15797 16626 25729 561 8056 30281 28885 9063 1920 122 7084 5601 26962 30847 32619 6786 4635 1894 12083 3315 28588 8520 22024 5690 18627 27775 20787 28046 19084 10516 18916 7017 3943 11383 4636 29408 748 17779 18634 13616 18220 7264 2357 5017 32570 25499 10649 879 8939 27699 19733 6254 16345 29413 19652 22862 19374 14667 15403 17047 27551 16208 3283 27575 21814 12519 5430 593 11349 23549 32480 4057 632 17067 24526 15710 23354 7601 794 2470 23067 25376 9434 9600 32128 9558 
9541 27222 2811 24111 30487 7938 4301 31354 19767 32482 8361 14762 19351 14127 10171 13774 16220 20106 2025 10180 8768 10968 22105 15273 27956 10576 25395 2451 32329 31954 28328 1667 5584 18043 12083 405 11968 7286 3358 378 13913 29461 14153 5672 26375 7200 29991 29392 19081 20589 23049 25617 10066 30640 15775 30315 23856 8853 7611 24822 29995 27404 19801 2132 26800 12004 5341 11748 25583 22684 10139 7992 1921 10870 4764 31178 27982 16332 2207 22250 29870 14503 12127 29691 6606 17294 21012 10975 23638 31132 7484 20144 31048 16598 18331 16561 31787 10427 19585 20868 
27498 29980 6987 17053 5111 19245 24620 31734 14387 13533 18990 18948 9746 28259 29299 14315 30842 12825 18625 23022 2029 30350 10558 7209 20072 21206 32631 27010 17035 32037 6823 16093 28153 6045 5943 32399 17154 16227 385 6165 30080 4600 5593 22535 23294 7367 16846 29767 5664 27386 19117 10366 4415 9618 15687 30409 3155 31159 2804 24751 16918 14668 30680 11351 26726 27079 15973 2551 4075 13632 3105 11664 9979 29127 15274 12505 9146 13051 28663 20856 6534 6617 29920 24440 15762 22225 2273 28664 7888 4639 29723 10272 5397 11864 4251 13402 11128 6467 10207 16318 
2555 7915 18838 32717 8813 29426 32680 10339 9358 25640 886 23527 32117 28252 22627 27589 26159 7795 28563 32030 17833 31927 14579 26046 27087 29041 17785 21838 23542 22457 24237 7882 21623 12941 14184 13878 4509 14369 6619 13965 5570 10102 14036 1019 4276 7214 31293 24139 30814 21663 2277 30627 5284 7718 19332 25455 654 23485 11001 29083 29353 23248 25045 18949 9898 27213 1821 23602 29269 26619 13900 30528 17309 14348 30872 7707 30221 23285 21366 27636 30054 5501 8288 7407 29578 24340 4566 3868 13720 2663 2467 20393 15449 23601 9313 2134 19419 1108 7743 24872 
5723 11560 29954 10850 3688 5395 27466 25265 9286 26202 20759 28071 29329 16694 13707 3690 7714 11307 26098 31406 27959 24213 24063 6624 22989 6532 3416 17572 9041 713 5718 6274 9080 13905 27141 13276 27244 434 25971 28196 26152 32260 21543 24652 6437 31730 31727 20861 9270 30224 5599 23563 10160 32112 22678 24233 16335 21616 30659 3545 8277 11221 15592 14759 4980 13854 7518 7063 24558 1298 29082 16604 23163 26012 12718 25802 9835 11736 23314 20366 27020 12654 25509 3357 30542 20511 24047 4202 14117 21149 12969 5852 18991 2464 4991 24575 13335 25398 2836 3450 
2873 27226 20039 16193 29703 25801 12981 16395 27563 785 28286 22023 9710 22251 1357 3018 600 970 1682 1420 23704 23988 274 13973 15399 27217 20386 2802 10025 30786 9007 22892 7316 16563 28162 12731 31123 18228 5186 23286 20013 27588 1467 5710 25890 25391 9437 31228 789 2459 7944 30840 8432 17245 6663 26604 9605 24593 23258 7656 25201 13289 18872 29527 22598 23365 30548 17586 1513 23684 1888 17011 18232 7194 9295 9677 1776 22243 24672 7578 18382 5816 10200 1941 18677 21823 10382 18889 18832 16647 21165 24649 12216 22740 22198 29474 5784 20791 17604 2190 
