100 100
1999 30818 12564 10090 25621 3131 452 32234 16162 13999 18907 24716 13004 9289 21898 13642 28015 26883 19378 7956 32657 10076 2213 32125 11462 11690 5681 5301 17362 32178 25819 29111 16910 29302 10856 24259 17933 30798 2466 31759 5502 2874 26456 20666 14932 28535 4263 26625 31525 22608 5752 20149 13008 28983 586 1260 19299 32020 18482 14328 24636 32733 6687 22677 19310 9831 99 24934 8806 24700 23407 24995 26062 24877 13022 8204 26801 31081 30134 27169 13024 207 4074 25492 25237 16577 31011 27135 20823 5562 8383 24787 29 15073 23322 31120 3766 29662 13325 19516 
17000 2284 19125 21518 24536 18735 6774 9322 23593 1865 21823 27154 10600 17448 13071 3226 8744 31777 23224 1052 22633 19011 18403 14126 19391 21989 21076 29969 19120 16002 14959 24619 861 31175 24315 23735 1893 22505 39 22460 18182 8764 13258 31291 18309 2050 28399 7341 6352 19840 18577 3757 20067 29016 22947 1777 32616 15378 24148 20350 4642 28156 31888 540 22155 32564 21450 26888 13372 9731 14841 22506 28558 5996 18912 4358 18943 13829 9875 2742 471 8966 6199 10520 29963 26016 26121 16388 27489 7312 4514 28993 19413 28147 22393 15096 16699 10588 6313 19048 
4647 20516 4596 26332 12298 30721 1032 2266 16797 15322 12546 29086 11395 11994 21297 22215 25130 1476 28956 30287 29682 27270 12998 9920 12945 11792 7216 14245 23734 19558 20768 13887 8428 30452 17953 27258 30401 6435 715 8223 4904 2857 22852 4171 31773 26405 14087 32544 32647 13419 29412 25018 4450 23836 15432 8293 21789 8699 4031 18701 22081 123 21687 17910 13396 16157 2183 27821 17917 5112 6832 31038 30569 6553 24162 18855 26604 1550 13634 28045 2796 22590 22378 24110 20475 28540 23729 29335 5699 16731 27437 25622 28455 8643 12023 30451 29735 20804 32558 7003 
13316 17835 21567 6813 31525 24787 29539 9369 31546 2494 29545 20852 5663 23524 32437 27537 20483 24779 30345 5565 11465 2008 23427 8618 31918 20581 8039 10911 23597 23060 17439 18541 27424 20322 27648 28325 32551 24191 16207 19464 21837 13405 19204 15935 1769 11782 15565 11725 17859 13364 8278 26177 9080 29979 456 16048 26656 28810 6544 9826 15405 2610 25953 27084 10646 5701 21116 17342 14390 5188 23855 3806 10607 3090 18843 11093 5906 16716 22971 27848 31107 12509 9378 9354 22808 3276 29444 7184 11971 10841 17656 5029 14321 5705 25852 6494 16817 17278 11322 19537 
12057 1994 23562 24578 16101 23301 12471 29726 21602 3165 4486 5228 18315 25070 500 29952 113 22163 14400 16050 25056 27131 32041 32718 18239 14079 14585 5389 6584 17458 20930 7876 16537 17082 16104 22108 28922 12127 30175 22530 8353 2530 5174 13471 8226 5776 27349 24587 8266 24086 20099 20350 9918 24471 20907 23623 13792 10492 19295 16064 11250 18828 20381 13697 7550 21180 31953 11476 12021 23368 17052 31337 12694 14466 1492 331 1937 25066 17868 21011 4973 13056 9941 7004 13991 32598 1540 32374 9116 11497 31286 7263 1704 18609 26194 28398 19088 18807 206 16978 
31773 29927 29813 25275 4362 6886 32359 21079 5665 6950 11617 7040 2208 26871 9790 4916 24289 352 4542 8133 1082 1902 6023 22481 19491 31436 2665 3445 8342 15508 10726 6590 28604 22117 7410 31840 7365 14262 2551 9131 30743 23913 28700 28858 684 6051 9671 19438 181 25052 8288 23963 8068 306 26969 16128 12968 23811 25707 14205 19546 17850 19234 23040 13592 7657 411 5825 1679 6553 10381 5423 28094 2014 4230 27177 22617 23214 29303 32370 4459 24818 4467 14687 4416 26334 10676 17363 1154 12414 20703 30573 20130 658 11144 19968 2937 11676 7161 25924 
21552 20279 20015 27339 19293 15786 17702 1078 13422 20925 19799 1960 6731 716 30846 6267 18743 2329 1696 31794 8183 31334 24653 15279 31799 5316 1571 25767 17961 11174 6547 32594 24431 27449 25320 3175 31035 26104 30852 8007 5557 8315 27501 26744 14493 3983 7433 17494 2865 15500 8742 8709 30545 995 22333 22186 32225 8695 2552 12507 19567 558 23537 24660 22037 1095 17085 1515 29601 11246 18729 32710 20212 28301 30147 17867 7592 4966 31389 27224 28406 23007 4685 4916 4310 23068 11832 32454 20583 21459 23057 27013 6546 24412 30876 26544 14826 13576 15800 1855 
19159 32436 2460 19993 1780 26526 2401 26759 3765 24183 16577 7145 24653 15801 24862 20904 1743 20026 4549 20075 17555 22530 3445 27022 15579 13657 14619 22736 24758 7205 6112 25675 8997 4467 16485 5802 14461 15188 14157 15766 25868 1258 21245 20081 7935 18626 3231 839 1923 30052 25197 17409 32555 24617 12076 12252 22930 14925 6902 23322 29761 23621 2365 5368 13523 23379 10253 18911 12887 7511 1169 21982 3573 24296 18649 23384 16085 24483 1754 29178 21820 10435 13495 16880 30968 8691 15935 24409 9983 26720 20406 31224 29267 7185 15832 13612 19496 6011 12059 15394 
5961 17744 27189 26185 2744 2201 28126 6 10132 27396 13783 2986 17984 1407 20779 3745 32450 22277 11701 16107 28777 32184 15586 9425 11443 1585 21944 1232 18797 17684 30743 9690 24092 28391 21823 18366 28828 25124 16787 24036 5383 22412 29597 25149 17625 27839 13393 21626 12625 15626 25750 14716 5402 31872 31746 12044 18730 18764 25829 26573 8427 10053 22922 9070 20888 22979 9913 30500 26858 4017 30592 31320 5877 5604 3636 11165 20300 939 3762 8676 1388 5544 15850 24051 2136 10974 23199 20499 16768 6154 29544 26121 23271 17719 24059 13640 4229 18829 13226 5477 
12523 31082 30510 16075 4389 6836 18340 16816 30692 13165 17621 26952 17373 9863 2234 24376 20844 4858 23104 9037 25469 10517 32072 11118 5036 27153 17394 16335 3499 1516 17691 26472 6628 19317 23588 30886 15200 24227 22005 8800 25832 10538 28482 268 2410 14672 2061 5171 2974 765 12397 10274 20712 14098 29325 2019 31617 9468 32247 2923 4050 23177 6163 22037 2336 30202 30186 22863 8558 24153 25392 28563 20639 22029 23170 9114 18140 7083 29420 30668 26165 3343 18094 16890 32651 172 14144 28495 22189 18720 12947 17540 12737 5899 23962 28244 30694 11554 18441 30256 
8983 6783 3421 28467 2386 28475 1820 28504 16634 7999 29790 10475 9339 1879 14988 14397 14636 18569 9064 31132 32121 28068 15437 31618 25153 3867 15032 24845 29565 26900 2568 18607 29731 6077 26242 2855 29002 28127 10648 26288 4238 6581 11115 27256 7606 3070 23950 13907 7060 21841 781 25265 23597 28081 10670 9422 25626 6753 18550 808 7470 26105 10095 11830 7257 24250 29865 20823 32460 3871 10879 28681 8798 25780 11035 9051 15663 31019 13629 19365 6283 29101 5687 2678 29457 26734 15677 6350 19988 5252 5083 19853 10817 9209 16327 26668 30594 31775 12761 29611 
15395 21539 9816 21962 14132 24037 31351 24188 558 28935 31519 27545 30169 27717 4335 29907 22124 16644 28034 5099 2806 23853 7664 23845 25598 26427 9879 7161 13670 147 3099 18443 18326 532 28075 18013 25558 26352 5254 19139 32762 22970 7358 28056 19781 6080 6972 18864 11912 7834 25861 13965 22922 22531 23484 29398 10156 14312 25447 21252 22989 191 25974 18527 21356 8730 1281 21545 4364 25980 26705 15129 24029 23915 15266 3339 3224 19142 20775 21749 14251 27737 591 1309 19606 27823 13895 29577 26261 25127 12736 31415 15487 5450 5106 4751 9710 348 9440 30102 
31648 17201 22750 9828 22301 27203 11601 26968 30106 24577 17079 1674 16926 22889 22503 26625 19171 1752 2713 26663 9727 30241 296 25721 2371 23261 24983 26755 6500 12547 14803 1292 13400 28089 15671 10126 15107 12905 31573 1513 7699 13846 29684 29271 12841 22769 11349 11171 3897 5671 10683 32150 32563 18430 29993 17843 16355 29216 3182 12324 7190 1590 25695 16627 8190 22201 24676 32125 27863 11269 25398 18980 28619 12208 23782 20549 19 8729 31266 106 10336 3652 22708 1216 8057 28645 25931 14283 13349 32698 18046 29528 12363 6686 30990 19379 30552 29660 363 2843 
25569 4417 22138 371 10378 13173 27030 31802 14374 12299 28629 31421 31007 26326 20620 29323 18456 18942 23829 14378 3538 11348 13775 24584 27724 18915 103 11188 18223 16071 21334 22350 11112 24643 31403 23357 23063 11277 31243 30239 31400 16876 28662 4870 14399 7045 15947 24545 20058 30322 7183 10296 18610 9365 29802 18461 31330 13996 14066 19295 28746 13605 32045 3328 25270 23347 10576 27369 27195 2081 25165 25053 31714 23271 4365 9644 28809 11259 17146 2473 7045 22889 5569 19805 13452 6438 4182 8573 6355 17825 3384 31002 10099 22684 6646 31512 15633 2106 28658 10209 
4798 14937 27237 1882 1052 16929 7587 29463 194 7133 29601 20683 11490 6922 29108 20738 29993 16046 2971 1554 6631 8172 10176 26446 30064 11988 14523 5246 450 12672 4120 28044 24936 14684 20058 21120 28574 709 5183 8110 7093 29398 22854 14894 5049 10110 2927 16525 594 19926 23618 13250 25576 12978 24338 11364 14090 16759 23683 28698 3089 25900 32586 31570 14336 32723 15924 21302 11951 27641 10090 13275 18473 15500 28915 28348 30034 12013 29306 3432 10189 838 27730 3191 28956 12062 16311 17090 7433 7722 31831 18644 19269 30054 26385 29851 19536 3173 24060 15715 
17816 4325 15787 7174 24805 2215 11183 15196 2804 9598 27230 3321 1378 8101 6611 5656 20429 2645 2614 2258 11317 22167 830 32148 17064 30808 9459 24783 10270 25019 17849 26865 19618 18611 29066 10389 5298 27344 28291 4342 8681 17241 27298 30890 3803 26524 14030 31373 8769 32130 13079 16635 15702 102 20544 4418 2432 18471 19066 11094 10547 1660 371 20935 28690 11912 4495 3569 26200 31407 4725 1139 7031 1191 7886 28130 3071 9170 2377 1982 7872 1483 25315 4516 32051 13631 13925 10950 19222 766 7470 9113 343 1361 4402 6093 28723 8591 8259 25730 
11423 21483 25744 20153 27879 10640 26219 28168 6293 8432 19279 12179 3988 25688 30241 1335 27797 4808 31926 5384 18098 2819 5782 31998 13905 27874 26879 32491 8524 17645 21549 10416 4687 5676 9689 19633 8065 13883 21760 24198 9318 12189 10981 2036 21252 7762 32089 2587 24644 15020 24122 16112 20380 1630 25658 20206 8683 20438 28897 28425 27556 32717 6102 15076 5679 25884 2906 32579 20620 29393 12821 2243 29498 9346 18965 19145 23383 31969 15636 29368 264 21137 2553 15207 19739 24376 26530 5330 29163 17622 1249 29711 19332 32085 2500 24452 2824 26721 15898 2904 
12626 27513 31026 6695 7384 22598 16102 22010 11990 3372 11736 30070 19369 1056 8956 16723 14968 17337 13911 11792 10266 26249 29958 15845 20788 11437 31873 16122 6050 19363 23329 14806 1817 28764 23008 9242 3338 10130 4961 11119 26569 8284 31792 11453 4334 32000 16458 11166 9980 9736 6624 24082 6720 21400 1368 8308 8444 16638 30357 26028 14021 16011 29560 30631 11050 5537 14246 7172 918 29454 17804 28944 13432 19352 2209 5877 30112 28377 27883 31022 13804 15438 4037 19518 29221 11946 28127 5026 29476 12656 12934 17412 14137 29888 3110 21937 2765 13169 10765 23373 
5189 8033 18289 28870 22314 26633 26549 5766 29319 3925 10216 19693 7827 178 18831 1022 11664 7784 23204 13144 5107 14634 7902 11880 15301 9707 7731 2270 10057 26100 31900 8029 9951 5428 32536 6263 9768 4823 25075 29144 21611 6170 25672 28097 11320 12637 11461 29881 7755 19833 27566 16255 25522 22357 24100 23874 15155 3508 5800 27156 5608 3409 11995 2461 30508 16686 18055 31244 3003 11561 29667 21331 15380 18128 2323 18068 15906 20598 21231 29142 27164 27271 13573 7165 22186 20248 18145 27897 73 27586 22156 30269 32752 19889 29778 8051 5364 5112 27592 19310 
1577 23591 19982 18784 7754 23840 29010 26189 18330 9254 2453 12991 2764 10295 16050 20668 29984 10140 25500 24053 10704 958 13031 20032 8874 3899 13450 19016 25598 569 12515 26243 10170 2299 21755 18021 17364 8370 27660 32724 20456 13973 21056 21211 20003 15667 1212 2466 23391 11272 29405 5278 10895 7503 29889 14085 20318 32280 2826 22405 7187 1178 19422 18741 5816 24778 8498 8396 18811 23341 15433 27153 29268 21994 25207 20882 21992 25635 30507 5785 14766 27525 26413 22876 18768 1054 22819 6516 27476 2671 18266 30864 18683 6083 26307 5483 3433 21695 32572 4859 
8199 23097 6417 8172 24102 5198 9155 4684 6117 23470 31240 27528 21588 14651 26386 22679 8409 2003 4372 629 28627 26729 27907 17107 19070 15451 8090 4365 23063 6655 28576 15196 3136 28543 11629 16461 22181 18408 13227 23665 24032 26237 25946 8278 922 11345 19734 8887 8179 31765 16797 8944 27172 4142 13196 12212 21603 30475 2153 9730 24328 10677 9958 7253 9965 28839 6244 3612 13082 2785 25527 23401 17826 19256 1321 28909 13256 8176 10177 11300 2406 14476 965 20429 31632 15845 1661 7325 28276 20602 10042 25140 4740 16647 3479 7248 23768 14169 27903 28737 
24269 15200 14703 7837 16627 21638 6525 15668 25894 13119 14746 19782 29690 6369 25748 500 22877 29111 1375 19189 29815 21840 30228 30602 32469 24861 16442 1460 28359 8508 12869 29092 22790 31630 28252 6515 5530 20751 22111 2323 11259 18791 31017 17030 19063 31932 25874 22093 19667 28619 952 24612 5685 5687 25344 15340 16962 20256 3927 1769 29059 4088 25406 16685 13581 12690 28677 9044 23905 4988 25558 31858 12433 2447 4342 11338 19364 18372 31304 3521 13116 16458 2323 26002 22390 10197 20484 10562 3858 5176 32631 12887 19924 26934 28402 12741 6697 1941 24562 30633 
1550 29301 24043 25401 12078 24288 24458 3835 2634 24994 3389 3382 32222 12123 20725 18599 4098 8914 4907 23924 11150 32140 18721 32358 16513 5790 14442 14930 17316 27583 5036 13784 20842 18593 21669 11600 30747 30850 30572 21250 27953 13822 31481 23957 12803 19751 19176 23243 27552 9175 30330 6763 29182 7237 22749 17790 23124 1495 5805 30141 196 4151 5306 24907 21821 29865 19468 28320 28576 18844 7972 17605 12065 13438 5253 11207 26865 28117 6771 20838 27162 19340 14331 17933 20650 17802 20275 17927 19 10378 21699 8943 13522 27430 8356 24936 31567 22836 15400 24335 
3588 2390 20795 5294 24290 20685 7912 18611 20464 10638 5919 17888 24374 16024 2485 27203 18905 4740 172 8809 27271 29790 12725 9423 22293 14003 10483 409 359 23787 4354 23174 24465 13017 15416 22308 24379 657 21290 10560 10314 23674 19570 13729 29373 9636 4528 13558 29652 24667 30159 24844 9848 25340 24714 580 29399 28935 21294 28997 31055 27254 10913 24814 1165 1357 17059 1166 26358 17779 24148 26200 18245 9920 31222 529 8310 11607 27125 30732 30948 20534 27428 27736 5294 29195 2122 26168 10078 23625 30941 17363 18637 28796 23821 5677 12609 986 31493 31062 
217 6426 24941 15586 5675 27785 4915 28824 14379 1626 8331 10607 5967 18237 20788 4790 27120 9012 17405 8082 10228 32418 10121 28845 10666 24997 28751 16941 11765 30118 12260 30179 2989 303 29053 3525 4674 22012 16304 10911 23970 25940 14202 25349 8541 28314 19590 1676 12039 31775 8876 8506 15327 8762 8377 21306 10669 13467 8302 20692 22257 26076 24523 7837 14905 1369 6029 24043 19667 20290 23285 15756 2212 750 9419 25272 32088 13170 13731 24131 16572 1651 10079 535 15975 21816 23029 10978 10912 25603 7538 21004 7292 9122 15679 31724 4935 12609 20643 22075 
27429 2178 29834 6857 1273 7120 21125 2670 9606 18160 6417 5188 20437 20440 18716 32019 7894 27077 31941 6925 25161 28296 2916 31164 735 16928 11978 31288 29085 5262 3530 17309 9858 30181 20472 6076 29289 28833 7856 24593 10289 7737 14170 1782 24858 27128 29421 28949 24690 30216 26290 11043 23154 22224 587 8140 8803 6272 20211 27113 1028 17129 13319 5881 19504 20371 25798 28111 17596 17929 23381 3464 10143 29304 1285 30912 19797 27256 985 24838 6789 21546 10563 18060 28897 9091 3631 16419 10061 16871 27714 32615 19780 21498 7268 25911 15736 4531 24188 14953 
17337 25778 20090 24763 23064 16595 10907 4108 16716 27395 20200 29644 30805 8786 2561 15537 22367 24394 12056 31403 20968 7551 2368 21275 9253 25448 5096 26432 28578 31853 7330 32497 2858 6465 12842 19346 2534 19058 1187 22337 15816 2367 6947 29776 14635 17065 626 16632 5043 6349 22799 4939 30331 20080 23668 24939 13167 4316 23451 31226 27638 5099 12993 8401 2773 13409 13418 25589 5456 5246 9125 15558 6033 26324 9105 20858 12366 23383 16416 27338 32679 25267 29723 29163 32077 15330 20583 2752 31209 32765 10374 7758 20412 8274 26720 26992 1666 2744 30532 25548 
28317 26655 19498 4869 30575 10603 5947 7731 17672 22147 9363 13712 18689 21412 23621 8819 25255 4348 927 4995 19037 22644 9136 31012 19515 11725 14600 1590 5627 29934 4287 10495 7190 21116 30393 4197 23082 31404 6439 4449 29343 25173 17745 176 29066 1610 24980 21708 14033 15590 18598 9242 19345 17896 27170 21349 9916 3201 21568 2187 9479 20396 2787 13686 14339 9406 20442 20302 4233 2110 16479 1517 18524 28918 27620 3988 20234 6474 18448 23772 7699 29385 9732 18671 30797 30722 3298 6647 14471 20633 7568 26071 29549 31642 25529 12058 28844 29708 14357 20008 
16214 970 6123 31424 27015 14478 5588 2466 2889 12111 18369 12940 20661 10701 22079 29288 8027 8810 4346 24004 28388 21051 11392 30594 5366 23903 3400 24529 2136 6543 17395 28508 24407 8951 7889 4801 3432 13124 29863 31300 9230 28415 3248 29125 6910 7449 18401 29935 25474 31943 28529 21427 19227 11664 19609 31476 29034 23971 28057 13700 21840 12911 15355 31056 15701 8046 18459 5335 32582 8001 28135 20705 27426 770 14052 23149 23864 19414 7538 2283 15241 17089 5456 21675 25203 17087 32098 4502 17553 26896 24242 16924 16861 8147 7350 5741 31255 14038 31441 27628 
7787 32429 6939 24800 1614 6657 23141 20589 2985 31019 11640 19140 29241 13313 25502 23958 24117 13808 29284 16590 7730 28748 11933 15231 19525 1763 5802 21787 2663 10968 4601 9959 24093 6063 18892 25003 28504 26276 32572 23470 11929 11329 637 15073 9818 5167 12131 3931 31658 28493 4901 29189 25111 26623 8034 31639 1744 20681 3681 10179 14091 16668 23709 30895 17829 29807 31617 28329 29704 8082 8560 10263 25170 12351 23304 15788 19124 10995 16808 12002 3095 6907 31535 29348 18438 18642 26375 74 6088 10922 7267 25803 7372 17225 7620 14382 28747 25366 26050 1858 
13864 32628 12553 1423 22299 5198 10658 7052 9742 17395 22388 9491 29895 10533 31242 29713 23496 3948 12182 27522 14707 1457 3382 18077 11378 32519 3191 24651 3414 30156 29208 3806 11134 17649 4624 26624 20795 11158 5329 233 21297 11994 8655 32470 12033 19953 4924 2998 32037 15479 5910 806 14875 5891 24932 27551 10949 17920 21437 4078 24592 696 15881 19685 7636 12978 7308 26449 10491 3390 30496 32300 16614 16206 17857 27923 18444 391 32335 13050 24548 21656 12176 12574 31750 22475 19829 22075 12429 28121 4766 2559 16319 9219 6943 27839 10992 3934 7301 16234 
19107 5231 24340 1979 12787 19703 23635 17586 24881 16 9931 18244 3023 24697 32523 850 30076 1327 14831 27864 10897 20541 23586 13671 6060 14292 3810 32213 17562 9630 20995 20531 13947 24656 3895 30207 15648 13183 29324 32411 12216 18868 11318 2558 23724 27842 32655 11178 12487 8279 17244 31197 22938 19154 14162 7436 26399 24660 21209 29581 12444 17434 28943 7572 202 21514 32272 1376 19767 21131 2421 14262 31977 8858 25114 8335 580 2587 7973 14 19502 28268 14915 11188 21104 16192 7989 28631 16735 939 21644 9552 2237 15737 8624 20341 20954 5828 22055 22087 
8446 3526 5652 12524 9739 4843 20478 5215 95 19754 16339 31334 31224 30870 9005 5316 32219 4912 723 176 19894 19456 13699 20103 15044 26724 32751 12734 26097 5031 30213 27930 19263 19669 371 20259 7272 26318 12651 21206 11973 20122 14243 14490 110 3068 13985 11125 6307 12362 17717 18048 18282 10107 19271 3736 2170 8066 7122 13399 3416 31195 28721 12866 12992 31587 10394 6980 25926 11884 30184 11612 14653 11025 20637 31890 14808 14791 24871 18991 13199 1077 15714 23597 32196 18502 8031 26861 1959 16764 31076 27432 11351 15495 2867 29224 4682 2326 23695 16952 
6638 15853 16637 22873 8080 823 18632 11318 5246 22302 17223 12122 13160 154 13922 161 21516 9350 28499 17644 8723 12537 4266 3609 15157 4819 16788 23859 30884 27030 25180 5349 26536 11640 27186 28725 13702 31670 21036 20847 4775 32042 12682 32094 20726 6944 28478 5826 16778 30310 11436 28159 5509 21666 19886 30995 17980 30696 16859 1994 18584 5260 29449 2101 4028 22837 32016 28504 8935 15667 4817 6691 19100 2323 13431 15012 6401 19824 6909 9594 20870 15372 31985 5005 29638 5919 4215 11260 28082 10990 28304 27223 14572 1440 15260 13583 26481 24909 14622 14378 
25467 29785 9408 22587 26278 7168 2199 20882 27729 5425 24743 22448 9031 14240 14762 18686 8863 26391 11533 19134 26080 12044 24124 24897 21609 15481 23839 22618 22544 10728 4580 4116 18186 20941 5632 416 9483 6937 7792 4241 32685 29708 23365 31820 27158 28491 28767 1465 23509 14130 27513 7487 30478 19307 23398 11504 31191 15552 27801 21248 24289 23341 12011 8316 29019 2618 26777 12344 22547 12168 6796 10762 23519 28585 6622 1589 27963 11572 25241 9512 11571 32281 1986 3945 32132 2867 25750 29132 23550 3612 29459 10728 3372 24901 27578 30411 23095 22086 4756 8685 
26120 18034 21875 13411 23981 4527 8058 3157 2046 32645 1503 26290 30848 13940 12784 12578 27017 15755 11348 14397 421 15414 28052 1530 2105 27736 22490 1130 19814 29337 32248 14502 18736 4354 23467 10758 13792 26567 25377 18835 10662 14435 954 28095 29571 24298 3596 13908 16230 30107 6441 27819 17814 22197 19748 13342 2383 28813 14033 7871 27312 8156 2253 31307 4053 1117 28094 26969 26944 920 20444 7383 21885 28152 14769 16823 10245 31268 13340 30438 5988 2700 17820 24446 22167 28994 30411 9532 23992 9740 41 32564 9693 8887 1307 4291 23613 22958 52 13510 
20628 31435 17586 2313 8905 31340 14668 19971 29646 3786 12331 28352 7625 6022 54 17694 14193 9093 17298 28220 26298 2302 24425 17200 18100 17361 14571 18936 25776 3611 15251 12979 6310 26375 5292 13586 15571 31719 18451 25097 2214 10115 574 15818 4829 31664 19325 13811 16108 2341 128 18438 6558 22923 13338 27675 26878 20435 24132 6097 29560 25292 31845 28042 16956 26101 1745 27608 25315 21648 24463 12594 27733 21239 7775 10220 19178 23091 24059 11878 6095 16843 28318 3971 32684 7130 4547 24412 31875 5988 9007 4150 26332 23786 21297 21426 8735 6460 22057 7236 
26689 10895 11591 21222 30882 9167 27797 5390 11830 6711 8760 3805 16612 28958 17139 17817 13867 6164 16364 26205 17675 28461 10675 27919 12579 17821 1152 14227 24855 9861 12732 22846 13364 26637 4803 17038 23383 12467 18665 4376 14602 26339 14011 7105 3313 16071 9863 3889 28261 23136 14878 11909 23134 12246 2008 3140 22678 10764 2265 20373 31723 14200 15507 22959 16901 15154 9612 24464 5690 5194 865 19442 31662 12127 28172 32123 8895 22125 13922 13620 28064 13031 12255 18748 10307 13830 18342 28606 30589 23392 3268 13856 17253 31164 3509 30845 8445 5669 12073 27990 
32532 27965 24584 6532 6762 9940 20147 16497 32022 26553 909 9352 3365 13776 1210 11242 28292 25189 26406 15715 15392 28352 28873 27036 23627 7930 12330 13458 29794 12047 11554 4934 16300 24115 5859 29111 19846 17514 4920 21773 27325 9811 4879 28183 14908 15172 20532 12279 16615 6556 22623 16156 26822 15701 18801 19569 16230 23769 8955 12500 29564 23 20736 23754 21964 3541 21500 28785 24905 17224 10788 4022 3710 18914 24048 18119 30252 24427 24023 4812 1845 17491 345 25298 21432 25671 24387 9479 14718 27906 22831 13357 27029 18278 74 14665 4922 9931 14170 21915 
13821 8855 13823 10451 24351 3598 20792 1922 22079 620 11562 30159 32053 20273 15389 14955 26431 17597 11976 7623 27483 3356 14798 10628 13811 1827 21640 31787 7615 22460 21765 1310 16360 9598 3407 15566 10089 12929 19952 11567 955 18544 29109 24169 12977 10975 22194 31697 8609 991 26758 17687 18884 32464 8161 8128 19423 1399 6979 23767 28451 21329 13574 1760 1874 21286 15006 19470 1572 31456 10528 22710 15337 6558 4865 13826 2927 19461 4896 234 5414 2774 28935 3424 7554 1990 23150 18891 12961 19594 22017 30391 21806 20529 21348 1739 10373 30390 31859 15099 
28184 11990 11214 20223 20497 8735 11413 18947 16185 11082 10096 18336 26648 1738 24787 19723 862 29093 11392 32396 1409 10883 14925 18738 29096 2308 8231 21702 21448 8023 17751 20989 9740 6665 4868 30961 9595 21018 3577 19410 22997 17750 15785 29145 21693 26850 1136 15998 27677 2582 19740 14571 29639 12682 12716 14256 14936 15476 32600 25784 19810 8241 15313 15740 18634 3105 4041 25462 13678 23992 15030 20697 15115 6866 29651 17791 10591 26183 23656 35 7306 8896 26444 6096 16570 14281 22952 2457 30983 11559 18685 20107 28060 4203 14953 3552 17688 22727 18214 16245 
3380 15649 27219 21119 5797 12390 23543 11385 18500 30753 7491 5217 11628 4428 6679 24099 17315 22373 968 27222 19325 8645 18721 20006 8382 19246 20391 14225 23999 22435 21025 25047 19987 11388 2136 11819 29801 3769 31772 13487 10164 23447 12167 24991 2954 12129 30854 29388 26570 28297 13716 26957 9090 25847 16329 17265 26384 28577 15892 4856 10631 25692 15813 17282 11604 11249 13390 9543 12321 17012 20042 4105 20985 4561 12222 12871 30637 23208 2463 24756 11383 8027 10389 31207 18142 17765 24831 12884 21721 24813 31799 23675 4919 24218 2839 351 29758 32682 16828 23866 
31123 23614 16521 5231 25946 24568 28271 13504 1693 29896 18540 22209 9458 20483 19026 29580 20312 5558 21706 17079 4707 17977 13464 13443 22937 10759 12065 23638 27 12236 14378 24428 21640 28864 13538 15305 5150 20276 28707 31602 8482 25450 9205 10204 30850 10922 15444 4517 10938 11410 14131 16514 23540 2734 17856 8057 3955 11849 4842 14672 16945 2178 21280 6469 6343 6306 348 9215 9358 11436 28001 31941 1028 4150 32577 19182 25201 7544 21537 29592 6858 25763 6208 7069 469 23924 16950 1475 7054 22280 4986 8499 16330 6642 551 23597 29210 28811 28672 3833 
28914 2441 21169 4897 16394 26835 12632 23261 12805 23188 6979 7375 13649 7310 31739 26608 26702 12722 28802 13259 14514 5101 474 16617 4652 14404 26822 23948 24647 6435 16085 25248 26514 15090 16539 31982 14846 24298 1346 5779 19079 22567 20290 29872 25622 14078 23148 23908 1958 16016 19245 23031 30118 22687 8977 26968 26271 31649 24198 14026 14103 14099 8163 10458 2741 23056 2984 23700 10918 26658 14855 24822 9022 20568 24996 18085 25827 6809 8090 22495 27687 32567 190 3249 13620 7367 12327 3946 32365 16433 28398 25935 7762 29443 14642 3984 28836 17419 15455 14459 
7882 32292 688 16624 18292 16720 30707 16917 18814 12807 11149 22346 13847 13007 29629 17504 11810 23565 22053 19461 11996 9755 22918 19075 4544 31130 9419 26795 17320 6666 3913 31499 30516 7832 1605 24936 22127 27958 27574 31336 30640 27633 21069 32654 6591 23679 15027 23915 27449 5656 13842 23571 24886 4488 4566 11215 24872 31617 28853 10769 16903 16693 29932 29357 26795 19236 24524 4421 889 23091 19062 26373 10561 15103 23523 6289 24423 17264 8231 6204 19265 20113 25846 8315 4801 10911 16231 12953 12372 11616 7928 28076 15881 25269 4562 20935 31734 2419 7759 17265 
5592 21103 21946 25430 27641 5592 1110 3645 25431 29386 8865 6458 258 3359 27609 7717 21702 23945 15808 27722 30474 18398 9629 29026 7672 27570 16003 11971 3550 25387 17621 3795 26836 25617 778 11970 8608 30501 31662 28793 5590 14772 29865 26829 4932 23915 18372 32249 19596 23149 7273 19019 275 1955 28330 5917 23578 3411 1926 1031 20267 26101 19047 11859 27575 24898 31726 27825 32765 23949 26099 29484 31533 11094 31944 29533 23758 20253 27070 3295 13149 5492 7915 8707 28215 11608 22570 25796 1721 15553 11618 12285 17573 9080 6668 217 8647 24617 7663 9355 
4313 19385 23342 28224 11173 7897 21893 2386 3177 30172 14032 15295 22143 18117 15565 11481 12861 32165 13346 1087 16411 13092 9378 29963 18195 12637 4812 2381 8782 15087 31380 16825 12796 18512 26471 23964 21380 12133 19817 24341 9437 26960 2049 8065 5947 27274 8599 2103 5359 16689 18588 17270 16008 28067 5579 31131 831 10571 1967 28311 6290 4027 22374 5025 5422 24059 2724 24872 13074 15393 26363 3340 31986 17698 10841 28941 27353 16616 11474 13700 12819 17573 20383 5201 19530 11622 23911 18452 31215 10475 16318 31648 17372 16566 11756 19884 16439 7010 14575 15564 
7833 26678 22723 4000 16239 10490 24288 3403 23201 19977 29189 6695 31090 22696 30516 3256 18344 30614 3069 20190 32748 20965 30208 8014 30579 29703 11182 1858 3294 4908 23119 22640 32351 6860 3401 18233 27422 14463 23199 29988 987 23061 14520 32650 11988 20963 24930 26259 8937 5467 26134 24673 15870 18912 22910 27786 6817 5080 12852 15308 10476 23554 19149 16380 20141 32521 8982 30784 21189 7002 18077 19838 6094 28979 31859 4884 27137 2301 9265 32714 25686 5084 25657 13060 12524 14980 3390 6717 10412 20046 22279 19120 5674 4235 23151 9048 8139 1048 27825 19227 
7469 32051 16354 24387 23491 25484 27839 26157 5824 23199 18857 23109 9783 17474 13038 24882 10624 20858 10314 845 12509 5523 25518 30552 10845 20336 19775 22125 5633 23839 28834 19508 17694 3504 22391 5977 10498 17736 27939 28221 29914 10097 20435 7148 5844 15284 12990 26960 19584 16490 13738 9892 22140 8143 21937 26922 3920 15192 23365 20769 27031 327 26994 27634 6496 124 4707 1706 27859 28302 5416 1196 6168 21530 10422 3752 30836 21339 30767 11719 4789 15611 13412 10024 20689 26409 24217 11152 17098 31468 12424 12125 26324 11191 17832 32444 15546 3389 27054 25116 
10366 31622 12372 26339 26688 18755 14938 8287 8544 10335 19403 29951 18663 214 6018 19395 27427 10698 25580 11761 5778 14548 27920 12554 28162 23448 10188 15612 9717 28572 19041 665 29002 19546 15922 13896 8474 29587 24264 25338 31713 7143 10778 26976 4062 18851 17931 32604 1212 27098 32565 17333 12401 9143 9445 14862 29543 21521 26214 17177 8153 26432 5507 25864 28801 1327 29255 30788 21104 17331 25607 3170 1597 21275 17315 6483 23649 22793 6920 20698 4322 28032 32249 9283 2607 28221 24592 21075 32587 7243 3071 4475 18734 14290 8220 10832 25449 3632 13341 5696 
24584 11850 3103 30333 21180 14116 31982 30526 30522 29872 25984 29479 5854 16100 25026 27397 29076 20239 6808 9663 11768 32621 22302 3210 5308 10489 13109 5979 6986 4994 7995 23970 427 11265 3353 7989 1960 29994 28291 22922 32047 26177 26747 15658 12792 11311 24599 5986 2151 213 17541 1084 12213 3232 14924 31918 18763 1630 3028 5392 32110 1360 809 32723 17185 14720 4348 10353 24391 32340 25835 31392 24329 31588 23298 10699 4471 18313 25217 3266 17522 16950 16863 25009 18633 5900 23568 3663 418 8104 23300 12375 796 6080 25456 4668 1074 22382 13776 22553 
10211 1995 24749 30950 24975 1472 26651 22514 30885 26393 1671 4749 28539 21979 27311 22021 20861 13784 5874 20949 11402 18560 17866 6680 14747 17146 30615 3652 30886 2676 3486 6164 17346 2743 5713 22214 7563 23294 11985 2695 16072 9480 7601 21548 10059 620 2813 7458 13849 17453 31098 15272 3275 22670 25904 10043 16948 17191 11046 20818 10308 23353 7789 30284 10540 17471 28255 31399 32707 21701 16937 10354 20265 24445 11655 24837 23978 4752 25295 5871 30437 24882 17969 9264 14637 11129 17981 20649 21039 6255 7589 7376 28373 22118 25157 9384 25195 13707 1376 12017 
18689 20670 10541 15515 10512 14497 28562 11393 22624 21743 9775 18260 10280 28688 29598 18389 7288 8426 27129 13128 13012 1785 8861 5669 31777 3234 18222 30992 3526 9156 11228 8715 3595 12433 24292 30187 24516 5788 20825 3592 12596 7218 32036 22073 29228 6126 11338 18176 30067 7304 17773 4097 16746 5870 16790 18105 21488 4758 12081 28012 23940 6162 26201 26207 14249 23013 21078 10056 6799 9109 29796 16643 21999 16129 950 3974 4407 17397 20155 9751 22247 1532 16800 19389 28475 5237 13846 7156 19978 233 28757 8100 6126 24476 28001 29268 677 13922 26252 18331 
5303 19892 11836 25816 2137 6147 18926 25379 21906 9036 28027 19844 10140 18669 15258 28514 16781 4023 28583 26430 5687 29764 21667 20897 5964 2955 11643 8274 32710 13233 29325 29133 7557 18211 2152 31985 24122 1505 21459 25849 9093 10525 20242 2477 8794 21764 1124 10201 20905 23772 4560 24063 11326 3407 6689 26953 18918 28934 18224 11969 5075 17274 16737 25796 6209 1543 16496 28852 16730 27459 6510 19694 29527 3213 28166 2812 21993 7657 24837 17931 19671 5131 29722 6559 25576 28849 29401 28805 12803 10550 3846 16394 30613 23396 4625 874 31795 17547 18397 2955 
28545 11983 1733 30443 20818 18630 30945 26071 9488 6979 2693 16095 29791 4460 8715 6022 25853 18195 1235 5438 26092 4419 3463 23187 14292 29976 6052 21670 21667 212 17462 31965 31350 15152 31715 25305 23996 7408 21034 4776 18072 18618 11757 11068 7560 29992 23341 14620 11077 15644 27158 10586 4074 19028 32571 26821 13655 3646 31010 863 16600 32013 3843 22546 18434 32524 19661 13470 19678 3122 4202 28118 17738 9719 27716 18444 12699 9063 4872 17354 1671 885 12458 8899 28227 14737 21673 14600 9448 10365 20884 24191 29723 16220 13773 5266 4589 27916 16781 13348 
26368 23989 32296 14281 32748 13986 23186 30262 11744 17488 28962 24822 6797 20165 23191 7007 21311 2083 12889 32197 3917 18813 12289 22765 13748 4585 31258 3524 26111 31703 5673 19793 2154 7329 6636 5353 10566 611 480 15010 9119 17420 20741 7690 24349 22453 24037 20760 9512 9010 28883 19810 20815 31463 6001 2449 24811 733 20853 786 9727 9750 31404 4111 8547 6173 5695 3486 18466 5344 24373 15928 14368 21186 16953 27756 8192 23277 9373 9684 24132 15333 7328 8777 7094 19043 32492 11091 25863 25696 25955 6115 1975 27248 4891 12357 13876 25425 22951 3664 
14150 32196 25497 19936 9386 25755 2116 8582 31998 6420 3271 8061 3293 18277 30279 23264 29514 18840 20859 7451 17746 19609 4974 21408 5357 19342 30592 1499 24358 21862 32430 26471 9595 20661 29716 23170 13959 12735 6832 30398 27102 22226 26729 26618 21305 32474 29264 14737 12499 3631 28197 25041 6418 5553 27933 8623 11114 20503 13282 3256 18559 2436 21468 19787 5513 9563 27055 30982 20221 13909 9477 2430 11882 23761 32141 19763 26528 24427 14660 25795 280 12751 10227 8285 2960 24016 14328 20857 31990 692 18506 25798 12935 24274 23480 22628 24120 5984 4465 25172 
25429 12934 1737 23341 26216 30646 1594 16656 5212 10816 10153 26333 25826 21025 17899 9127 23572 1820 28040 5734 3928 29197 10431 20972 29064 30841 19658 1307 10832 18025 11363 29524 31959 10873 21382 20786 417 30764 12409 22905 14260 25730 19978 11849 12537 4301 792 23192 24038 14272 15188 2015 15450 12489 15689 15378 28104 15777 4506 13270 30872 22049 28555 11503 14538 26199 21187 13559 17373 13017 7761 20566 17391 22361 28908 3438 3621 4986 3711 22550 30797 23010 741 8522 12738 21904 25072 12064 9104 22896 18609 10494 7129 28205 1011 13323 18552 29255 9 13283 
17635 101 26058 911 16214 4076 2265 15028 31022 976 2858 21258 9875 7083 22977 16912 29017 31500 26301 23295 9000 15121 17558 3324 15067 14904 1699 20881 28967 7794 2783 24414 28797 15737 4332 29964 17457 24420 16984 20611 17115 3961 4128 9821 30718 28482 2418 11674 20711 16355 4023 5013 4312 5546 3025 27702 20582 27112 2209 29290 3104 32511 22221 11472 1649 19133 7616 19126 200 23272 32242 19779 4085 26650 10345 20725 4055 2767 3968 2895 31284 18109 5351 20683 9448 24676 22763 14102 11074 12517 3831 10108 1707 27671 31579 30113 6792 3288 32333 20083 
14178 23457 20525 4956 22852 17246 21262 30140 9573 26748 7537 26262 27399 13891 8787 11914 11167 22118 6763 16899 28214 18136 4781 9649 25103 482 17426 30522 5258 27763 6299 28204 15944 32439 404 26935 27536 23274 790 23449 1010 18031 6351 11993 29994 14620 22533 27832 1351 30425 29401 17765 4108 26473 201 17904 13206 8327 12409 21249 12351 22069 18099 15306 32707 9553 3756 31034 26529 27753 8073 28019 2756 9936 6945 14207 15971 32241 18949 28478 9766 1252 14526 23971 23434 21055 14933 1312 9350 27695 29721 3679 32111 15047 22172 27955 31257 29847 10239 20942 
16959 14721 879 14900 11556 20424 29168 14320 16507 14186 89 15877 5764 1968 30368 2855 28537 19203 5208 1067 29224 19713 30328 4797 24545 3792 2654 23633 16274 21938 12820 25948 17457 2010 32209 29891 29274 19327 7875 19347 18746 7214 30475 1268 29355 19044 27402 12888 16032 6492 22491 2040 28100 28454 21280 11649 3934 19193 6146 1802 30328 30154 17779 2634 2624 8477 20918 29704 30126 26652 22306 29138 31335 26342 7715 5106 27362 23593 2177 7070 4041 2291 16869 31087 31906 17093 22937 4117 6062 27626 10639 3912 22801 17926 11941 31489 1332 21234 13863 13035 
26216 14279 1173 3604 18892 22073 22951 24297 17264 4135 30095 29537 32186 26991 894 25976 6153 31751 3433 20447 22681 29258 23821 15090 13735 31631 28209 21994 31189 28416 22059 20564 1999 4266 17573 26562 303 11472 417 32192 21662 32133 3259 18953 30524 3706 16814 31995 19779 4884 9754 26185 1511 25281 17541 29680 28288 3981 14495 7532 234 19184 20682 3883 12588 3306 26841 10818 15961 12626 25112 11359 2740 32620 23693 5118 16151 20409 5502 5344 15766 17427 3892 12473 10079 17913 26110 18474 31204 16167 30328 14318 1853 16489 14604 22104 19911 2738 30394 25853 
29458 11880 15125 19118 26106 13571 10126 10665 27667 2262 3061 9743 7755 3884 26685 28825 6346 10391 15232 27015 25117 2949 17474 28634 19860 11540 5626 12483 23784 11304 10191 2907 25889 29370 16543 23700 31415 371 25669 18288 26872 6521 9756 19825 14505 14473 1215 19280 2544 6982 13075 11762 17778 14800 29320 29591 26808 29337 25243 19797 29143 22388 27040 29893 11856 20719 6846 2556 28981 3043 15675 3516 29837 25929 22777 19436 27130 18511 27713 19014 32409 12972 11968 3920 22058 21296 1487 21901 16753 30367 3576 32500 13275 14015 23989 23713 15461 8112 25978 7883 
1466 16252 4342 246 8603 21487 3479 1641 9092 2729 23116 23267 20109 1905 1166 11146 23182 9420 13985 3108 5254 8910 31511 15497 24126 14385 22935 25176 20777 14756 12508 2794 2191 19301 29184 2436 22250 20754 8443 1489 27281 4029 15975 20111 9619 13886 32390 17544 11494 16333 29061 29124 29377 25808 258 8445 16454 3569 26317 2387 612 32116 235 25153 24060 8903 9953 29648 20290 19547 25647 30474 22631 11187 15386 23218 885 24507 23214 16434 15226 31066 22276 17621 16616 11850 27329 27446 15676 11816 17119 14585 14814 19911 19888 23736 32328 31946 10783 28736 
6507 14706 7226 11006 6734 30388 10989 6324 15353 10383 19216 10352 2193 27292 15269 10175 14276 29927 30554 32286 19560 21245 24406 15537 13662 4422 817 22072 30141 21653 10820 4926 6188 4094 548 5779 29072 19688 5737 1533 30440 14690 30132 11051 10868 28859 10224 8426 25629 12876 22999 24732 30993 31385 25016 17381 1710 12953 376 20135 25761 26961 2520 21809 591 19368 17141 21171 13172 20086 15893 1013 12297 16094 29856 6729 19308 11486 22637 6847 9915 25636 14655 15767 25216 26403 9104 25084 5012 8295 7309 27119 32573 15909 24417 4737 25242 27671 32694 7237 
18753 24454 5497 22533 14118 27049 21982 27572 10687 1069 15781 25508 13413 3093 12443 25593 15358 7876 12899 3678 5593 19800 7286 28662 3545 6714 30057 2965 6102 29939 19823 21553 12352 10306 17438 11155 12293 28267 7030 14674 6069 8145 31775 11778 5605 12231 20210 18089 19665 27556 20411 9330 6981 12309 15677 19622 27837 2232 19063 25815 21707 28134 13606 32607 31161 5328 9611 3081 4719 1485 15214 16653 31640 27890 27747 4162 10241 22756 5964 31887 28737 23530 28959 25506 1439 17222 12010 4069 3120 22726 4372 9902 8256 25238 13285 18103 19187 21848 18760 27341 
10796 27766 8144 25804 20398 7351 6906 1226 7042 5393 178 16531 5528 16831 16408 28502 2737 1427 5507 28061 28795 7564 12230 15746 21758 25259 15027 30496 23864 24067 29406 7497 5892 25360 9892 10871 8769 9289 18539 27140 29999 30200 30250 29085 16412 13130 6701 20212 13377 31138 2322 15797 12775 11827 16664 31164 8654 462 11929 389 32206 26360 6612 23779 19647 11840 8688 15349 5527 15568 26942 598 3538 4417 22207 4757 1815 2740 4326 28133 24600 9758 5534 31765 31930 9699 5007 4034 2422 22439 26781 31435 3582 27744 27058 18181 4900 5808 22462 26416 
24568 25459 9724 29738 4657 148 30070 19043 5583 26148 27083 7057 16382 5549 15152 18597 4412 25539 10677 6141 25278 32733 13770 7131 784 11875 16897 23830 1533 26888 533 7695 19374 22874 23340 18919 790 24983 6489 25583 11149 10179 7781 2912 22970 22263 28111 26445 17335 2812 14865 3797 22640 6681 22309 16797 26188 12584 13896 1150 5392 30191 20222 30330 14080 9134 6486 29173 13639 22005 32111 20001 7064 30136 23611 21691 1814 31909 5507 16373 31857 693 12075 21683 26962 18946 440 27897 21754 15576 3599 1700 1062 4622 24703 10841 5173 2967 9474 16060 
20876 852 20672 7138 19770 14892 1237 29448 30168 7519 3668 24197 14259 30231 10124 11773 26670 14145 24202 17112 97 23962 17631 4338 27398 5645 19619 6036 27030 7740 30393 26276 21679 4957 13909 1048 15289 9031 11708 17840 10185 21452 10315 29413 1477 21578 30139 17181 31690 3453 2723 3104 11722 25495 2622 13519 13690 24211 7535 16404 20843 11462 15106 1045 3958 13239 17717 25005 30302 9008 8311 4124 29361 16021 10095 20733 2799 20597 8256 8313 7918 31839 5900 13755 13949 25335 16823 26531 9032 19528 20717 18879 31228 19548 21094 5495 9899 5642 2152 13191 
8305 28688 23182 31155 88 98 17353 28853 32633 25025 24996 13947 8292 14222 2252 20623 1986 13281 719 727 18489 17366 22820 32382 9616 22055 20844 32050 4884 28672 32503 7312 28986 1038 3466 3548 20101 16346 10591 28150 12202 17237 10350 22921 8947 30387 22763 4486 8929 29309 6416 17361 3093 11746 7196 19514 10864 26447 156 430 8570 31551 7145 25518 13312 7507 7922 15361 12034 10149 30779 2214 31692 29786 5926 16909 7522 30070 29810 20871 7457 32500 1025 19450 10916 30487 29662 17625 29413 24827 23678 19795 29348 30063 17990 29643 18445 15879 10318 22409 
18325 26220 17509 9391 22565 14327 1109 3182 23162 29566 15464 3449 8140 32110 30506 8378 13229 4122 11889 7749 32053 26707 5531 28298 31580 8249 22807 23502 8359 11344 30503 6108 4615 11991 5603 18935 19710 5461 31362 14612 30979 13428 1493 26182 26664 22034 23060 11130 2810 28054 3549 12900 23464 26240 4218 22457 1128 16709 9059 20127 17687 29273 3331 6242 23583 14221 26815 9320 30366 22427 14389 11367 27589 32767 6593 8405 18302 13577 18502 14752 26705 2097 18475 32544 13448 2218 26019 24394 10897 8762 26674 8998 20645 24136 8045 22659 18343 15159 11521 1001 
1359 3570 12278 11983 31111 8648 13621 9742 8981 2683 4424 31894 22395 23699 1890 9823 16923 16376 24991 16291 24223 4288 24204 21579 29336 582 6122 15271 19045 30844 18095 23649 15703 2946 2126 27828 15635 26999 2360 729 29751 2703 14499 2498 14400 27493 27018 28171 21163 16787 1269 5934 25946 24193 12666 246 28218 13434 5124 2358 11811 12805 3539 17850 30463 26482 7108 30334 9519 10931 15059 26654 18474 11629 30174 23182 15975 14671 172 16395 18558 1699 1069 26705 22410 24866 3 27663 6865 3853 25922 27800 4263 11897 20084 31707 7823 31979 30945 16533 
29860 15652 25357 10949 16439 12094 13441 19553 29114 20216 21198 10823 6620 19535 18384 6518 8694 29262 23856 31870 25510 28710 4396 30005 25529 14465 18587 24236 13391 27412 25131 9057 16953 31859 3822 17334 4518 4138 5141 8354 11775 14601 23035 24231 20751 5055 27749 29956 1383 28587 20488 15659 18433 31214 20811 5749 27939 7877 12367 29205 19590 5398 20012 23371 30904 18504 16254 20442 1471 5208 26657 31931 8959 2089 1080 13075 3166 8732 17012 10595 5797 15073 21395 23806 23337 4749 4902 10177 18092 13292 11672 24062 3966 8728 26476 2233 22247 1098 27078 4119 
31178 17393 14381 27155 21634 20737 13199 8563 32272 142 20101 18682 15992 14745 22233 12000 17512 25642 30790 25727 24091 20127 23678 28239 14717 32067 3186 12308 28560 6178 30413 26966 24334 27420 16321 22034 6736 11321 15879 18351 27758 31804 18721 18995 14760 21883 15587 10679 16132 23789 22065 27673 30009 18821 19722 4848 6860 21950 20422 14789 10617 28536 17307 25728 15060 6658 28262 4640 8240 13944 28072 26543 12736 9807 7887 1909 6396 31790 23736 26733 6726 12031 13937 16885 8654 839 835 24521 6067 7858 30704 29234 16235 31219 8505 11899 9828 9418 26531 21413 
26091 4198 123 26460 15438 21486 28696 16169 16701 8027 352 10728 14710 20616 22158 19837 19874 24204 30514 3267 10361 3911 32632 2501 16429 11067 21678 6193 20230 9117 769 13321 16201 24236 10375 20636 3679 7746 4483 5045 27443 13481 27108 20754 5084 31663 10254 23063 13948 16893 5341 30148 22888 8868 5351 5349 3721 31481 5890 5768 30210 29347 19463 12468 21522 18930 3029 20824 15932 25203 2968 2946 9126 13761 18763 25809 13504 11933 20603 5933 28197 6209 15438 6837 19142 6130 6853 3065 24901 25813 5438 17002 28831 12803 573 11023 8206 32479 17515 15225 
30254 16808 6879 4344 19294 8266 18077 4111 15209 11130 10588 6182 23142 20481 16781 8063 12508 29272 10136 19307 17194 26742 28777 22718 10278 17894 6443 26752 29445 11804 24659 1253 29819 8457 12257 29311 5922 30189 31970 8627 23328 30829 16442 21610 13573 23525 27808 19464 21490 30975 1514 5026 4864 2437 15755 14956 6623 22131 14426 4720 28862 3153 24981 18310 2923 10687 28453 25216 4028 15442 31523 3237 23341 24478 22172 10081 3018 12948 31121 3130 4176 14095 13378 2310 911 20393 1453 27739 22290 20435 15185 13896 4354 21029 15927 16706 8520 18674 12595 30561 
4594 32032 17512 26573 5848 28470 25098 20595 16511 20151 6248 28668 22077 31663 25897 13311 7070 18059 17877 6005 1287 25133 12696 17774 8089 15424 24643 21507 12376 12233 660 11148 20109 17919 20407 28179 32105 31069 3084 29448 2282 12021 27947 11061 10755 23047 32550 245 13815 32210 28430 2209 23814 426 24248 5452 15435 2891 9664 1456 18149 21357 9167 23911 19029 10393 2074 32351 4647 5178 12843 5768 28373 22007 4068 5583 9192 10560 7361 16464 352 2343 26205 12487 11350 26226 14904 24392 23264 1006 24759 49 1845 27910 2412 20316 24081 14995 19608 7065 
27739 6646 26094 9819 20486 19045 3226 11185 28725 1154 3202 9848 162 50 1228 9424 21568 3244 28576 16588 17183 28368 22319 4462 10128 31163 23540 10194 13963 5528 28729 27817 14157 10424 27870 29161 24133 5862 25430 3267 20273 19188 20722 19414 2693 32410 5986 7586 18956 13441 24185 15167 4305 6298 17200 11086 29248 15028 30702 28977 21641 22350 14854 15479 12869 8873 16513 11418 8028 18978 2079 31981 5414 8127 8344 11472 18896 9224 24359 30758 5890 25112 6729 13321 13246 20979 21187 25532 17804 13594 28130 6624 3284 8541 25862 31211 12427 11761 3682 28119 
27921 30402 25341 25623 10842 27146 26108 10703 15693 5155 4388 13636 22633 23962 27291 29842 28590 28548 10222 29853 5051 12821 600 29769 2100 6510 8258 14318 6502 13495 14342 12550 29998 13166 20472 20009 2838 21758 16295 1852 14274 30356 22112 31205 16267 13102 19188 10817 23657 18933 22715 15322 25366 16076 11737 14035 17264 26921 3776 11622 26656 25891 21239 21905 14713 6861 7961 27403 18338 20419 32 28029 24568 30466 19427 3823 4526 13053 27358 26240 26038 15853 28466 15195 19941 11368 7404 31718 3922 15925 18314 13629 11263 12639 10428 7902 4027 19336 5223 3750 
1094 3456 11759 26876 12471 17686 694 24908 10267 28974 11744 7863 19295 11284 26970 6408 624 4112 12314 16874 4256 19003 21928 20057 2124 20368 14045 13399 8635 26694 26602 12512 31050 1374 925 27167 30918 5240 32736 482 28698 17898 11139 11340 8490 30995 14651 7881 17150 17133 31722 27463 16419 17122 14368 7076 13390 14817 12002 8546 27971 6064 17835 28066 29429 29316 28593 17744 23279 7375 15465 9627 27378 19801 12109 19624 20192 3474 17629 14983 26072 25127 18660 15974 27299 25043 25084 25604 31567 11896 30292 21865 17433 1134 19889 1237 20881 21530 5299 13046 
19960 6595 9562 9565 11757 26530 14536 8499 4169 22072 26185 32296 21831 20197 5008 26029 12520 25781 14916 4707 15509 12157 9915 9171 19462 23847 5125 23135 2404 27978 18732 20344 7338 19198 7098 32274 25169 14574 31612 12117 29996 17326 27526 8086 3985 11855 3191 28549 1977 3377 7166 13736 27497 793 3485 17416 32466 21635 8365 30250 8887 17722 6051 6976 26061 29733 29841 20641 17767 10596 24304 24695 24914 19100 5788 30903 9982 27022 6176 20055 14303 8431 22068 187 3859 13171 11396 20848 10821 8492 28595 1052 14801 10002 16032 31413 7209 23779 30952 25074 
10359 25901 32428 511 3204 25512 7572 1909 16856 11722 20243 22665 24099 27030 11245 19076 17115 3765 14583 19315 28711 32199 28958 21535 32508 8699 12459 13887 1669 20701 26054 6893 28873 23664 10808 17751 648 2941 10869 28087 6757 27690 32217 18565 27467 13518 21554 3562 13833 9988 7295 5497 17983 10495 2295 23066 13950 2333 5197 31302 16299 8126 27699 2170 6052 17238 25885 16357 8998 17089 23367 29028 32495 22999 9465 15537 9247 21569 31242 27096 11236 21131 29859 30442 30294 25977 3909 11764 14496 29599 17421 22322 13921 7468 12599 23425 10834 4615 26338 27411 
8744 3613 16914 31846 20924 28665 30971 14199 8553 7573 15485 8499 31669 11119 4843 6958 7732 31200 20496 2967 29098 15529 20084 16748 11632 8399 19931 26858 18969 1194 6927 9288 1876 30264 25823 7332 2324 27575 25192 7998 20463 27250 11923 6884 4292 4059 31967 4525 12193 12506 2913 21226 25060 869 30217 4442 15264 1617 20262 10653 11330 7015 8492 11499 11892 1979 15797 1030 12097 20025 32199 15981 28794 6273 22357 25043 27225 8693 27656 19919 28773 22799 30015 2005 7573 11001 12628 869 19384 11607 13857 14978 6676 6759 19650 10854 18254 21325 15005 2164 
25226 23720 7072 17262 6098 2409 12746 9448 7100 18405 19949 9981 31303 17705 13746 21056 19719 23181 10973 14325 7298 31116 30674 23682 28889 2514 9560 9760 21931 28055 15774 9174 21814 8236 16508 16552 11967 8915 11514 14092 19508 11220 17430 22685 15121 19405 26818 32275 11392 32074 16685 13171 16580 21141 32067 29827 8663 13776 26231 3457 12626 28480 7360 29716 19854 26092 9441 11395 29193 20071 11246 3877 14091 15338 9228 537 29833 18341 7800 31542 3145 16983 1739 24133 8007 9245 9084 2926 12888 11911 32678 12785 1549 29937 8715 15127 9690 16145 13658 24935 
29303 31180 1453 18460 11143 10830 30550 9943 15480 5977 23259 23954 20650 7389 16959 1237 29395 24010 15235 20012 15266 18466 5229 18648 21410 8018 2952 24261 19554 194 4716 7612 5331 5803 1343 8410 3313 27945 31612 11841 31909 7569 5619 23821 29162 17412 28178 22410 18992 29508 2658 3492 27389 6855 31828 27550 28122 4874 2878 26887 17261 17448 4257 1002 4579 6827 27053 31814 21137 16034 8711 25533 29402 16628 15305 21904 31827 13043 14539 27339 2085 23604 18721 16061 435 671 17124 6059 31869 30914 18230 1990 8516 26218 14464 6745 30320 32629 26110 24903 
1966 7394 4222 30389 12509 27690 11364 18180 4139 10451 1266 14082 25467 5186 9414 31329 21771 8145 10148 11880 31571 32033 22902 3304 4144 2226 18065 19314 9025 17072 8506 31431 19345 18960 8297 31376 7287 3548 15309 21839 25019 10443 26895 6294 26362 6933 15963 32119 20044 22149 7709 30011 14883 20688 20488 28246 20087 4133 11101 26011 19744 26117 13930 6061 20867 19541 24401 26294 28528 6322 12810 18523 14667 31236 12203 20463 29034 29782 10983 10470 27327 20197 19925 5517 23735 10358 11507 17913 11873 9709 2923 6973 31955 28444 13461 10977 24778 28121 3772 5775 
14224 851 19237 3086 29475 10150 22349 373 13715 10156 29555 408 15276 29974 4694 7367 23253 15548 26176 20920 5688 14130 16195 705 3875 26524 7875 19274 21678 15555 9269 18819 22175 18536 14117 12370 32650 216 4734 13712 14909 16576 5382 12404 26203 31043 31528 31823 70 19018 26102 29562 66 29979 21358 5773 13528 23854 27644 13266 7289 2875 18753 8954 612 26264 6675 26894 25290 6338 18373 22696 23087 20282 168 610 9235 20370 19409 2447 27858 4551 2589 12585 31433 21713 2163 13579 29370 24953 1865 17248 15217 28523 23402 10844 17576 24716 3062 3626 
13609 18061 4522 15141 17458 26305 7009 26698 16925 12331 31707 32237 5184 22492 9406 13484 10259 3964 21210 8354 8592 2598 20401 31965 18656 17273 27703 19217 31539 15595 6358 7053 8944 9569 16053 4463 31502 7933 15930 30484 8641 5943 14030 30419 15962 25904 31712 19435 15976 8770 23340 32697 28196 28892 6205 1839 28684 9613 16688 21633 22477 1630 16572 12577 27750 5221 20847 29678 21899 5015 13882 26537 14407 17630 23600 30120 1766 1644 18827 26830 2066 20046 32240 23738 22844 13124 10228 11583 28734 30672 21470 31252 24638 19341 30638 4813 26069 14018 95 24330 
32368 25655 17514 5871 3831 15687 32651 24532 23981 3127 15303 8509 25432 6342 19374 9740 14241 29445 14814 24053 7357 24681 20936 21299 28237 7967 9655 10361 30595 29599 13838 13100 29831 13444 7632 1487 17177 18587 26726 32447 1655 19258 29853 12064 17025 19155 2287 11799 12827 21960 32003 11321 23763 18817 7287 23364 12228 6077 9948 32269 7609 30245 4354 13498 2710 11303 27510 22833 1524 29441 4682 32721 6412 7196 2580 28767 11222 29084 11833 11075 17778 1333 5228 20212 11206 24896 18801 29105 9833 20494 19239 17266 26815 11644 25541 3102 26470 30407 19044 23038 
7377 3234 11454 29810 307 23430 1589 26338 14751 24138 26647 14328 17005 12019 5920 8460 6367 6605 8768 23008 10245 26299 22175 19598 31965 19659 13535 17854 1471 17421 19361 29980 24824 10662 6986 21002 32438 27168 26375 14481 6692 9732 5902 21150 19925 1195 4135 8555 18278 10577 9323 15163 24159 32363 332 4426 4699 19258 16086 20996 13417 18337 29749 15221 16305 8756 30070 29185 9563 11409 7826 12117 4012 8691 20392 23965 24690 15364 32394 29431 28323 2547 379 8488 18241 15815 30519 11663 30080 25587 28724 1367 5675 14634 15656 25072 14916 4724 1739 4543 
23787 2946 4830 14612 28800 28478 23148 8029 18188 3751 21840 23706 23005 31196 7927 31505 13425 20342 22631 24899 1686 5659 27520 6174 8654 21585 4994 16756 26104 23183 20176 21164 24877 29594 7668 26552 9961 28431 13282 16967 8811 14907 31617 18747 26718 31539 5735 7261 19384 25121 14564 4175 14819 9437 1859 9923 8731 22717 22604 22251 27671 7853 270 14896 16875 21890 3547 28967 12589 18059 3219 21697 26454 105 19494 18370 3436 21537 13652 15476 1758 10352 8375 17052 6064 5983 19972 12717 13783 2582 24718 17212 2535 18165 1291 12724 25323 9697 9371 12107 
8596 24284 18694 18740 24215 9945 5701 2838 20560 3790 32069 30398 13227 22794 3047 9233 15428 14537 32331 7492 20429 12294 30030 19279 4273 32656 30289 1694 31734 23904 6205 8202 7784 25898 451 30217 9460 30514 7401 27169 19538 31073 9154 19107 29671 11928 27260 1173 22505 6212 2721 12784 14020 5683 21398 22540 26044 14502 9320 27224 6356 30887 4807 25934 25071 19100 851 5542 11062 16157 5911 24522 12473 9731 4691 7051 15705 26561 8319 22546 12005 2296 6540 7193 1411 3141 11373 30299 594 9822 4822 29256 6477 30813 12868 17662 14963 17499 20029 18037 
13861 20545 12249 2809 16591 27355 26241 12510 22986 18222 1527 13935 6529 8716 1430 27687 10963 26085 9436 22308 29625 16608 31013 6104 12585 24874 2233 10498 2618 19342 5897 2780 24200 71 1590 11926 21466 25106 29139 13828 26370 4999 26348 23444 1029 16040 23879 5762 27004 31419 21993 20303 23354 17493 17116 14447 26671 15288 7216 8002 18316 7518 17984 18757 4392 10454 11575 12682 21795 27087 14802 14949 22217 6003 871 10089 28345 32246 25382 29586 22598 9838 19615 22468 28189 12517 3972 5492 6696 5292 26288 22949 31923 15091 30825 19479 3790 10135 11234 7867 
17394 9275 30724 12649 28391 8602 3950 7637 28132 17179 3515 16320 25081 18599 2563 3435 30122 19127 12964 21585 30429 31921 22082 11797 18422 26996 32268 16826 27712 24113 32065 9490 13199 30590 6643 29305 18723 1189 13068 26307 10704 13634 1934 7026 17756 17677 799 12588 20265 6644 13252 32365 531 2157 19693 5754 23452 12810 23474 15510 4679 12877 4188 6007 19265 3519 16679 14587 21318 5948 2630 19992 24259 16273 12072 2833 5432 841 8442 10224 27617 27331 20077 304 5013 20616 8377 12474 32238 25052 18914 13075 15786 3475 18489 27859 18001 21798 17191 9305 
20248 13318 9510 17341 23814 4400 5904 30470 14421 28418 16540 31389 20763 19789 29221 11778 22314 29099 7086 16062 2356 2579 13604 32665 32563 23978 31714 16396 29703 32732 10619 14329 21089 14764 1971 23450 2273 7496 1486 11192 27003 30689 13070 22045 6175 5561 17015 14923 19609 3198 31701 9838 27574 32726 15872 24720 15272 5179 30303 20492 14251 1033 12715 23365 18153 2773 10741 19863 23195 6913 30187 22926 14194 4493 15703 2902 28213 23600 5864 16243 18347 17832 29493 29106 10171 23630 14591 30816 11218 9965 30390 32697 2181 7124 19775 22947 27256 3626 30709 30109 
24190 1410 5614 5362 1281 13231 6271 3890 5285 31962 31490 15074 28712 17874 10198 20083 21389 31906 11944 19825 23673 3945 12273 22013 29149 17766 8640 25213 20181 11859 20922 21394 13520 7156 18527 22091 2290 23023 29071 31384 24758 6110 11852 3585 16856 14755 13249 3735 6514 507 23427 18987 11877 19287 18712 32191 4858 17127 2230 2362 22985 23031 2892 2912 4570 24958 9159 31232 19979 1012 27022 2671 15281 4453 9294 32310 3202 20932 9469 10248 14259 20865 12313 15607 22109 23645 23857 17895 7973 6782 4007 17730 17692 958 27828 25837 15844 7497 29356 16507 
13077 13671 5508 8097 8926 4502 1169 13546 29680 17116 32146 13484 151 5211 20721 22587 23850 18470 31558 8540 23974 5715 30749 29181 7830 8786 12793 19491 5430 23165 13209 20003 27351 30191 32377 16149 10117 1178 10908 16262 28648 17812 13193 29293 23144 14258 5780 12896 8084 6232 9822 9992 10693 17551 14239 20179 18430 12376 2851 20712 2071 26689 6419 11104 31771 20789 8566 4531 28398 6808 9719 3952 19507 5780 12521 17202 16236 27821 3464 17871 20067 23196 21890 4562 29386 30554 30646 32556 30494 11387 7227 10022 6865 22973 2468 17562 16807 22241 28546 25699 
12897 18361 14891 31250 10393 30339 21434 11490 15853 10357 30295 28911 28255 8345 29625 16546 15356 17627 5608 2672 13756 6497 32072 9924 26026 1562 8147 27193 27204 6810 19878 10253 16165 17445 24255 14547 30945 10761 28165 22887 30769 9265 17800 30247 22608 32760 24587 13920 7332 1851 9152 23559 24993 32178 14930 19370 5355 2176 10792 20645 30906 13320 5353 29081 30339 3075 16187 26906 1237 31183 17873 5800 9345 23818 9124 31713 14589 4704 28032 6644 16394 23713 26307 17241 11413 25623 21346 13760 26843 16406 11052 4167 17361 16084 4691 31215 19907 24443 15144 3153 
26683 12925 5414 22157 3364 5160 27954 3204 4399 30074 25377 13895 25974 10038 22651 29646 7264 23351 15486 10478 13764 20485 22886 9605 30289 23206 1772 7672 20013 17079 26125 2015 4828 9403 2572 12030 4196 20146 12986 5752 13742 19182 31733 31295 24624 3362 9839 1231 2761 30140 23985 3356 25580 8052 8031 28872 3841 11045 10173 24218 5384 32220 1906 9516 18560 9519 18060 23011 8327 21969 14533 27684 20290 14435 26372 30917 6015 30860 12839 29122 9625 19019 4864 28210 28572 22924 7069 13945 24746 22522 7629 24766 21406 7445 6879 4512 8430 3204 24749 13604 
17366 13996 30682 17394 23219 26497 18263 26818 1709 6044 4396 6673 28312 29583 11381 31768 26908 28021 8362 7934 4628 3277 1572 27981 20277 28808 20445 24227 2032 14176 25208 17066 5273 17004 7297 14409 10440 1521 13301 9500 15616 23676 3333 16674 15246 4141 28183 2742 29876 3670 13582 14017 7687 31045 29131 28973 24854 3165 2547 413 15692 1644 18931 10331 16664 3640 1858 18321 24138 17755 14310 11453 24001 32081 9018 3679 13891 17104 4078 4596 19116 13143 4943 28200 21323 20746 26057 32072 30345 18621 24746 21494 21707 24143 2344 12320 2970 29497 19622 21555 
